# timestamp tx ty tz qx qy qz qw
1645868418.294986 0.000000 0.000000 0.000000 0.000000 -0.000000 0.000000 1.000000
1645868421.290973 0.501706 0.015807 -0.001056 0.001020 0.000357 0.031640 0.999499
1645868422.788832 1.002170 0.072390 -0.001736 0.002178 0.000738 0.062017 0.998072
1645868424.359040 1.509990 0.153103 -0.000226 0.004263 0.001168 0.093092 0.995648
1645868426.194668 2.017150 0.270845 -0.000674 0.004691 0.001339 0.111589 0.993742
1645868427.859890 2.504280 0.397177 -0.030217 0.003020 0.001391 0.127907 0.991781
1645868429.856095 3.010030 0.539030 -0.070709 0.004374 0.001914 0.141406 0.989940
1645868431.279686 3.491190 0.710609 -0.111940 0.004838 0.002207 0.146263 0.989232
1645868432.692544 3.981670 0.884275 -0.158974 0.004727 0.002384 0.150848 0.988543
1645868434.192880 4.483000 1.062720 -0.192951 0.004378 0.002534 0.155411 0.987837
1645868435.857587 4.980620 1.238440 -0.211879 0.003968 0.002547 0.161896 0.986797
1645868437.281970 5.458410 1.414600 -0.223362 0.004238 0.002889 0.169010 0.985601
1645868438.783570 5.953660 1.605240 -0.249239 0.004217 0.002773 0.171518 0.985168
1645868440.285552 6.436050 1.789810 -0.294356 0.004626 0.003191 0.175335 0.984493
1645868441.786530 6.911840 1.978190 -0.345925 0.006464 0.003191 0.186386 0.982450
1645868443.191870 7.393230 2.177260 -0.391327 0.007067 0.003347 0.189670 0.981817
1645868444.619864 7.881070 2.397190 -0.438982 0.006373 0.003481 0.185256 0.982663
1645868445.954549 8.363600 2.600350 -0.484629 0.005435 0.004112 0.181858 0.983301
1645868447.122380 8.836400 2.791310 -0.509475 0.004118 0.004059 0.176676 0.984252
1645868448.286288 9.318310 2.979060 -0.521012 0.004079 0.003576 0.170407 0.985359
1645868449.457974 9.808310 3.159640 -0.534142 0.004557 0.003093 0.169218 0.985563
1645868450.622179 10.287900 3.343870 -0.545807 0.005987 0.003576 0.181323 0.983399
1645868451.796369 10.769600 3.543520 -0.572131 0.005649 0.003941 0.201934 0.979375
1645868453.194088 11.246900 3.775180 -0.604628 0.004406 0.005225 0.224028 0.974559
1645868454.697750 11.710800 4.006000 -0.624935 0.005018 0.006035 0.239033 0.970980
1645868456.141860 12.155900 4.263330 -0.642719 0.004924 0.006623 0.260714 0.965381
1645868457.357984 12.578900 4.526160 -0.664045 0.005418 0.006874 0.277173 0.960780
1645868458.641646 13.028500 4.818570 -0.687235 0.005412 0.007050 0.286655 0.957993
1645868459.976671 13.465500 5.101020 -0.706756 0.003505 0.006588 0.263042 0.964756
1645868461.473628 13.915300 5.333710 -0.721873 0.002844 0.007073 0.208500 0.977993
1645868463.027303 14.387000 5.541230 -0.732697 0.001911 0.007398 0.186355 0.982453
1645868464.359611 14.867700 5.749450 -0.738939 0.000762 0.006726 0.170680 0.985303
1645868465.527979 15.354200 5.921420 -0.748211 0.000674 0.006848 0.152291 0.988312
1645868466.695074 15.842900 6.065410 -0.750828 -0.001729 0.005736 0.102047 0.994762
1645868467.796051 16.322600 6.195020 -0.760823 -0.001340 0.006274 0.118644 0.992916
1645868469.190811 16.800400 6.358260 -0.776570 -0.000913 0.006007 0.129495 0.991561
1645868470.691280 17.285600 6.536950 -0.791665 -0.001053 0.004962 0.119369 0.992837
1645868471.958054 17.791300 6.692840 -0.804705 -0.002131 0.004065 0.095860 0.995384
1645868473.024316 18.303300 6.796880 -0.820356 -0.002822 0.003116 0.043705 0.999036
1645868474.192056 18.823700 6.858890 -0.824349 -0.003636 0.002535 0.005683 0.999974
1645868475.191904 19.324300 6.896980 -0.820361 -0.004655 0.002276 0.000402 0.999986
1645868476.446602 19.854500 6.933400 -0.815426 -0.005843 0.002237 -0.000251 0.999980
1645868477.686531 20.369900 6.971140 -0.820307 -0.005141 0.002096 0.001748 0.999983
1645868478.852937 20.872700 6.990840 -0.837519 -0.006394 0.001042 -0.024541 0.999678
1645868479.780139 21.386800 6.994850 -0.865157 -0.004875 0.001780 -0.011963 0.999915
1645868480.686146 21.922200 7.059920 -0.918966 -0.003693 0.002582 0.002728 0.999986
1645868481.520083 22.423300 7.068080 -0.952289 -0.004765 0.002216 -0.028244 0.999587
1645868482.352690 22.956200 7.043750 -0.981503 -0.006160 0.001786 -0.042692 0.999068
1645868483.121089 23.518500 7.012620 -0.997587 -0.005706 0.002155 -0.030343 0.999521
1645868483.852916 24.046900 7.001470 -1.017020 -0.005080 0.001655 -0.017910 0.999825
1645868484.623517 24.609100 7.001710 -1.039310 -0.004484 0.001758 -0.015270 0.999872
1645868485.446618 25.152400 7.007430 -1.056960 -0.002771 0.001074 -0.020515 0.999785
1645868486.280910 25.670500 7.019600 -1.077310 -0.002896 0.000911 -0.027196 0.999626
1645868487.118163 26.190100 7.025830 -1.098600 -0.001410 0.001329 -0.010734 0.999940
1645868487.952685 26.732600 7.045180 -1.113740 -0.001319 0.001886 -0.000439 0.999997
1645868488.856298 27.284400 7.079310 -1.136990 -0.001021 0.001640 -0.003712 0.999991
1645868489.687299 27.809700 7.091470 -1.163110 -0.000419 0.001458 -0.010202 0.999947
1645868490.789470 28.350700 7.110820 -1.191420 0.000091 0.001254 -0.005031 0.999986
1645868491.686004 28.891800 7.108450 -1.219010 -0.000116 0.001132 -0.017574 0.999845
1645868492.624669 29.419800 7.078440 -1.240700 -0.000197 0.001161 -0.023535 0.999722
1645868493.526363 29.943300 7.060180 -1.259860 0.000110 0.001293 -0.018472 0.999829
1645868494.456956 30.470000 7.024460 -1.283620 0.000642 0.001585 -0.008678 0.999961
1645868495.456480 31.003500 7.000300 -1.307380 0.000825 0.001550 -0.007503 0.999970
1645868496.454931 31.539700 7.001800 -1.329000 0.000832 0.001376 -0.002518 0.999996
1645868497.517526 32.059000 6.997690 -1.357500 0.001332 0.001561 0.007387 0.999971
1645868498.356405 32.600800 6.974160 -1.385310 0.002150 0.002050 0.027623 0.999614
1645868499.182734 33.146800 6.966550 -1.418340 -0.001267 0.003839 0.041851 0.999116
1645868499.945774 33.669900 6.995430 -1.417790 -0.000263 0.003443 0.027897 0.999605
1645868500.849987 34.179200 7.037780 -1.421830 -0.001076 0.003557 0.011414 0.999928
1645868501.852871 34.684800 7.059250 -1.470820 -0.001227 0.003507 0.015639 0.999871
1645868502.952248 35.241400 7.102150 -1.471720 -0.000475 0.004471 0.020883 0.999772
1645868503.785989 35.775000 7.136750 -1.470380 -0.001066 0.004800 0.006194 0.999969
1645868504.688135 36.303500 7.151500 -1.508100 -0.002274 0.004083 -0.005120 0.999976
1645868505.686761 36.826700 7.176520 -1.518850 -0.001619 0.004563 0.001479 0.999987
1645868506.688229 37.365000 7.186850 -1.536430 -0.000659 0.004640 0.007791 0.999959
1645868507.518618 37.881100 7.204220 -1.564160 -0.003268 0.004739 -0.014211 0.999882
1645868508.354259 38.411300 7.197780 -1.576480 -0.002066 0.004978 -0.003939 0.999978
1645868509.189161 38.974100 7.250420 -1.604270 -0.002300 0.005071 -0.003365 0.999979
1645868509.945066 39.517100 7.261510 -1.626300 -0.000768 0.005198 0.003029 0.999982
1645868510.688155 40.071500 7.273530 -1.652530 -0.000662 0.005316 0.003031 0.999981
1645868511.447018 40.629400 7.281060 -1.675900 -0.001098 0.005195 -0.004391 0.999976
1645868512.127972 41.139000 7.274480 -1.705890 -0.001463 0.004552 -0.020572 0.999777
1645868512.853750 41.661500 7.264670 -1.734020 -0.001861 0.004275 -0.026892 0.999628
1645868513.614339 42.197700 7.271740 -1.764470 -0.001024 0.003800 -0.012083 0.999919
1645868514.283386 42.730500 7.284970 -1.810060 0.000085 0.003815 -0.013015 0.999908
1645868514.948123 43.234100 7.284670 -1.841280 -0.000803 0.003399 -0.029946 0.999545
1645868515.616602 43.802300 7.264570 -1.876680 -0.002178 0.002990 -0.046253 0.998923
1645868516.286291 44.340100 7.221090 -1.899100 -0.002549 0.002853 -0.063784 0.997956
1645868516.958028 44.874900 7.159660 -1.933450 -0.001761 0.002867 -0.079427 0.996835
1645868517.620571 45.423800 7.073470 -1.964010 -0.000620 0.003439 -0.100292 0.994952
1645868518.292086 45.946200 6.980960 -1.983790 -0.001285 0.003074 -0.112275 0.993672
1645868518.955221 46.485500 6.877210 -2.008280 -0.002004 0.003148 -0.112612 0.993632
1645868519.685693 47.024300 6.771110 -2.036550 -0.002083 0.003125 -0.114596 0.993405
1645868520.455490 47.520300 6.668180 -2.078150 -0.001857 0.003149 -0.112132 0.993687
1645868521.184241 48.023500 6.562750 -2.114610 -0.001313 0.003130 -0.103760 0.994597
1645868522.018677 48.580100 6.464600 -2.154000 -0.001710 0.003583 -0.098262 0.995153
1645868522.850185 49.086700 6.388630 -2.180450 -0.001634 0.003724 -0.096584 0.995317
1645868523.683878 49.621900 6.321310 -2.213260 0.000668 0.004371 -0.046347 0.998916
1645868524.517422 50.138600 6.290120 -2.243690 -0.000902 0.004929 -0.036672 0.999315
1645868525.281223 50.687600 6.252040 -2.275780 -0.000658 0.004873 -0.035121 0.999371
1645868525.941676 51.242900 6.212200 -2.300450 -0.000637 0.004549 -0.043041 0.999063
1645868526.681940 51.813300 6.143970 -2.330120 -0.001114 0.004257 -0.054075 0.998527
1645868527.347586 52.323200 6.074480 -2.352180 -0.001732 0.003962 -0.064833 0.997887
1645868528.014816 52.861600 6.013870 -2.379000 -0.000520 0.004411 -0.045215 0.998967
1645868528.771179 53.389000 5.974360 -2.409460 0.000513 0.004522 -0.027502 0.999611
1645868529.608451 53.934900 5.934620 -2.449170 0.001158 0.004823 -0.019342 0.999801
1645868530.512804 54.458400 5.918990 -2.489840 0.002195 0.004863 -0.010231 0.999933
1645868531.513417 54.966500 5.921050 -2.543440 0.001204 0.005245 -0.008027 0.999953
1645868532.441982 55.526400 5.918990 -2.582260 0.001052 0.004857 -0.016606 0.999850
1645868533.178627 56.063600 5.912040 -2.616990 0.001302 0.004935 -0.020184 0.999783
1645868533.847344 56.578900 5.887800 -2.641440 0.001539 0.005323 -0.014744 0.999876
1645868534.511290 57.110500 5.880980 -2.667820 0.002817 0.005465 -0.004287 0.999972
1645868535.179511 57.629100 5.872540 -2.691160 0.003894 0.006031 0.003760 0.999967
1645868535.843084 58.150600 5.871210 -2.715500 0.004080 0.006098 0.009608 0.999927
1645868536.508971 58.671800 5.878130 -2.740100 0.004007 0.006236 0.008603 0.999935
1645868537.268927 59.203900 5.882870 -2.769700 0.004544 0.006600 0.008820 0.999929
1645868538.011974 59.723900 5.885640 -2.799990 0.005250 0.006470 0.017116 0.999819
1645868538.844521 60.259300 5.898850 -2.826930 0.006370 0.006732 0.039078 0.999193
1645868539.770824 60.801000 5.953890 -2.851060 0.008258 0.007750 0.071181 0.997399
1645868540.603643 61.317400 6.034490 -2.874930 0.009052 0.007750 0.071253 0.997387
1645868541.436278 61.860500 6.090670 -2.911270 0.007157 0.007189 0.036097 0.999297
1645868542.179086 62.387100 6.133920 -2.937750 0.007061 0.007117 0.031726 0.999446
1645868542.845523 62.898500 6.169780 -2.974260 0.007348 0.007440 0.035359 0.999320
1645868543.601174 63.450800 6.208530 -3.007810 0.007168 0.007537 0.031501 0.999450
1645868544.268362 63.979000 6.252940 -3.043620 0.006673 0.007616 0.029907 0.999501
1645868545.010612 64.509000 6.287660 -3.076160 0.008381 0.007035 0.017787 0.999782
1645868545.676857 65.011800 6.310760 -3.104580 0.009277 0.007295 0.033446 0.999371
1645868546.509666 65.552400 6.357660 -3.131920 0.010298 0.007398 0.040043 0.999117
1645868547.265161 66.094200 6.392130 -3.160530 0.009562 0.007231 0.040266 0.999117
1645868548.010986 66.604900 6.428800 -3.186120 0.009687 0.007353 0.041241 0.999075
1645868548.765589 67.166700 6.456830 -3.216290 0.013356 0.007091 0.052465 0.998508
1645868549.433841 67.685700 6.512890 -3.245360 0.011877 0.007417 0.043806 0.998942
1645868550.175876 68.229000 6.561430 -3.275520 0.011623 0.007411 0.042773 0.998990
1645868550.844654 68.730800 6.615270 -3.301260 0.011224 0.007798 0.051650 0.998572
1645868551.600190 69.289100 6.677340 -3.329770 0.012115 0.008646 0.043902 0.998925
1645868552.266214 69.802100 6.723420 -3.349460 0.011123 0.008520 0.029160 0.999476
1645868553.009720 70.325800 6.758290 -3.371820 0.010751 0.008404 0.018701 0.999732
1645868553.762771 70.853800 6.779570 -3.395950 0.011613 0.008634 0.022658 0.999638
1645868554.511192 71.379100 6.815390 -3.421640 0.012659 0.008677 0.039453 0.999103
1645868555.265424 71.936200 6.871860 -3.458380 0.013644 0.008882 0.049966 0.998618
1645868556.009835 72.471300 6.929160 -3.500010 0.014083 0.008953 0.055070 0.998343
1645868556.765757 73.014500 7.001640 -3.540160 0.014811 0.009124 0.048317 0.998681
1645868557.510080 73.546000 7.059930 -3.586880 0.014900 0.009042 0.043515 0.998901
1645868558.345012 74.098700 7.114780 -3.625980 0.014678 0.008825 0.043707 0.998898
1645868559.268918 74.636600 7.175940 -3.667980 0.013925 0.008117 0.047059 0.998762
1645868560.343151 75.141400 7.215980 -3.696840 0.012990 0.007103 0.019948 0.999691
1645868561.677902 75.637300 7.233400 -3.746640 0.011790 0.006769 -0.000450 0.999907
1645868562.846383 76.000000 7.175830 -3.888880 0.017869 0.005527 0.006941 0.999801
1645868564.436546 76.533500 7.213860 -3.951610 0.018635 0.013322 0.044238 0.998758
1645868566.845006 77.028800 7.273780 -3.953530 0.018289 0.011387 0.030928 0.999289
1645868568.678588 77.568800 7.318490 -3.974560 0.015569 0.006854 0.032657 0.999322
1645868569.510569 78.069500 7.362670 -4.001360 0.015764 0.006602 0.039444 0.999076
1645868570.265750 78.579300 7.420960 -4.031680 0.016303 0.006543 0.055029 0.998330
1645868571.101143 79.115600 7.495080 -4.066270 0.016091 0.006863 0.058548 0.998131
1645868571.845374 79.672200 7.578180 -4.091640 0.014332 0.007230 0.052702 0.998481
1645868572.607117 80.192400 7.648060 -4.129210 0.013049 0.006899 0.050304 0.998625
1645868573.440243 80.727500 7.716010 -4.159050 0.012948 0.007236 0.045717 0.998844
1645868574.346809 81.250900 7.769440 -4.186720 0.011699 0.006028 0.041878 0.999036
1645868575.273376 81.768300 7.828170 -4.214690 0.011808 0.005840 0.049970 0.998664
1645868576.346677 82.301200 7.901100 -4.236170 0.012074 0.005605 0.062827 0.997936
1645868577.347256 82.825200 7.972020 -4.263420 0.012802 0.005797 0.071124 0.997368
1645868578.440174 83.321400 8.066370 -4.286960 0.013962 0.006030 0.093058 0.995545
1645868579.621961 83.826500 8.183490 -4.330880 0.014577 0.006093 0.124838 0.992051
1645868580.778817 84.297100 8.343020 -4.357500 0.015108 0.006480 0.156957 0.987469
1645868582.012063 84.779800 8.544850 -4.376990 0.017669 0.007234 0.210065 0.977501
1645868583.279135 85.233100 8.780160 -4.389370 0.020433 0.007258 0.237944 0.971037
1645868584.507874 85.675000 9.048500 -4.399000 0.021237 0.007757 0.262797 0.964586
1645868585.776333 86.108600 9.340870 -4.412820 0.021659 0.008107 0.292131 0.956099
1645868586.837915 86.511200 9.643510 -4.426640 0.022262 0.008465 0.312230 0.949708
1645868587.836437 86.889100 9.964780 -4.442080 0.024894 0.009402 0.367753 0.929543
1645868589.000139 87.221000 10.353500 -4.454880 0.026212 0.009694 0.427500 0.903583
1645868590.441690 87.507200 10.781200 -4.434670 0.028573 0.010927 0.493967 0.868942
1645868592.005125 87.737800 11.244100 -4.404210 0.032196 0.011423 0.550331 0.834248
1645868594.010366 87.885800 11.768000 -4.364940 0.035168 0.012027 0.626371 0.778639
1645868595.480786 87.948900 12.286800 -4.349400 0.037715 0.011501 0.666392 0.744558
1645868596.633323 87.981000 12.830200 -4.334100 0.039641 0.012471 0.679313 0.732671
1645868597.846521 87.999000 13.359900 -4.329420 0.039878 0.012347 0.684767 0.727566
1645868599.177791 87.970200 13.883900 -4.331200 0.039485 0.010968 0.723638 0.688962
1645868600.464933 87.928700 14.413400 -4.325400 0.039466 0.010818 0.716085 0.696812
1645868601.466780 87.890500 14.935500 -4.320230 0.040072 0.010809 0.719486 0.693265
1645868602.512074 87.866500 15.444400 -4.313570 0.039392 0.009711 0.713480 0.699500
1645868603.843661 87.832500 15.958200 -4.309100 0.039752 0.009921 0.723302 0.689316
1645868605.012091 87.772600 16.475700 -4.306860 0.040992 0.009804 0.753015 0.656652
1645868606.120723 87.664600 16.971400 -4.300780 0.041917 0.010026 0.777661 0.627205
1645868607.172690 87.535100 17.468600 -4.295740 0.041772 0.009941 0.779734 0.624637
1645868608.339902 87.414400 17.981700 -4.291310 0.041596 0.009686 0.769087 0.637715
1645868609.507671 87.327300 18.487900 -4.283660 0.040618 0.009098 0.757959 0.650973
1645868610.674155 87.248000 19.002100 -4.272540 0.039747 0.008297 0.752870 0.656915
1645868611.844860 87.180100 19.522600 -4.272350 0.039788 0.009023 0.744622 0.666238
1645868613.135046 87.128700 20.048600 -4.266070 0.039742 0.009191 0.741026 0.670237
1645868614.178479 87.083400 20.576400 -4.267950 0.039732 0.009710 0.738770 0.672715
1645868615.175293 87.040200 21.115600 -4.274520 0.039595 0.010198 0.736558 0.675137
1645868616.175096 86.997200 21.660500 -4.281450 0.039529 0.010447 0.737277 0.674352
1645868617.175734 86.947200 22.185300 -4.287350 0.039468 0.010390 0.735002 0.676835
1645868618.296840 86.895100 22.696900 -4.291590 0.039719 0.010648 0.738866 0.672596
1645868619.342184 86.843600 23.229700 -4.289350 0.039817 0.010617 0.738888 0.672567
1645868620.508865 86.780000 23.759200 -4.278600 0.039595 0.010460 0.737436 0.674174
1645868621.630188 86.728700 24.262500 -4.271630 0.040286 0.010865 0.743013 0.667975
1645868622.803902 86.656400 24.781000 -4.266910 0.040272 0.010525 0.749681 0.660489
1645868623.962984 86.578600 25.311000 -4.270960 0.040691 0.010495 0.755602 0.653682
1645868625.013826 86.489700 25.827300 -4.274920 0.040799 0.010868 0.755007 0.654356
1645868626.340277 86.397400 26.325000 -4.276000 0.041497 0.011106 0.770480 0.636016
1645868628.488288 86.261400 26.800100 -4.273480 0.045738 0.012320 0.812872 0.580513
1645868630.454371 86.074900 27.221000 -4.266140 0.047459 0.012528 0.860503 0.507076
1645868632.336833 85.830900 27.583400 -4.246870 0.048048 0.012709 0.901786 0.429316
1645868634.500310 85.486100 27.934300 -4.220620 0.049758 0.013370 0.936082 0.347988
1645868636.265917 85.064700 28.219900 -4.202160 0.049920 0.012810 0.960895 0.272074
1645868637.832085 84.617800 28.429000 -4.195640 0.049386 0.011221 0.981146 0.186513
1645868639.263479 84.163500 28.536700 -4.193810 0.049457 0.009117 0.994060 0.096520
1645868640.671383 83.686200 28.561600 -4.174140 0.049020 0.008833 0.998726 0.008041
1645868642.005543 83.164600 28.522800 -4.144510 0.048076 0.009090 0.997514 -0.050715
1645868643.097428 82.633100 28.457400 -4.135630 0.048418 0.007803 0.998277 -0.032202
1645868644.094604 82.098700 28.404000 -4.109320 0.048300 0.008189 0.998454 -0.026244
1645868644.933555 81.591300 28.364800 -4.088060 0.048024 0.008404 0.998317 -0.031406
1645868645.765639 81.074600 28.316200 -4.064830 0.047856 0.008187 0.998015 -0.040122
1645868646.596607 80.537600 28.250100 -4.045950 0.047750 0.008423 0.997608 -0.049271
1645868647.336731 80.034600 28.184300 -4.029070 0.047744 0.007770 0.997638 -0.048775
1645868648.097927 79.511700 28.111700 -4.012160 0.047713 0.008445 0.997791 -0.045448
1645868648.836834 78.980200 28.043200 -3.989980 0.047820 0.008307 0.998133 -0.037086
1645868649.609847 78.451900 27.986300 -3.969080 0.048226 0.007846 0.998379 -0.029184
1645868650.337261 77.926700 27.938200 -3.951280 0.048191 0.008417 0.998533 -0.023202
1645868651.096033 77.390100 27.890700 -3.927570 0.048330 0.008307 0.998453 -0.026218
1645868651.840233 76.848700 27.835000 -3.914030 0.047933 0.008227 0.998197 -0.035186
1645868652.599242 76.284900 27.770400 -3.891830 0.048164 0.008192 0.998408 -0.028180
1645868653.266951 75.775700 27.736400 -3.870650 0.048229 0.008285 0.998600 -0.020106
1645868654.003848 75.222500 27.689000 -3.841690 0.048320 0.008173 0.998695 -0.014416
1645868654.672053 74.716700 27.654100 -3.813090 0.048205 0.007987 0.998662 -0.016900
1645868655.339838 74.205400 27.613000 -3.782290 0.047962 0.008007 0.998608 -0.020422
1645868656.098374 73.639100 27.561100 -3.745650 0.047919 0.008491 0.998569 -0.022154
1645868656.762548 73.130600 27.510000 -3.711810 0.047898 0.008964 0.998616 -0.019780
1645868657.428375 72.599300 27.470600 -3.673970 0.048074 0.008617 0.998772 -0.008335
1645868658.095699 72.073700 27.447300 -3.641310 0.048256 0.008666 0.998789 0.004089
1645868658.838860 71.521600 27.432700 -3.607460 0.048340 0.008226 0.998780 0.005770
1645868659.595854 70.989100 27.407300 -3.574270 0.048322 0.008082 0.998781 -0.006088
1645868660.338084 70.466400 27.375600 -3.544780 0.048366 0.008051 0.998700 -0.013932
1645868661.100080 69.938900 27.325300 -3.518590 0.048385 0.007829 0.998691 -0.014647
1645868661.838346 69.406900 27.291100 -3.493040 0.048379 0.007913 0.998762 -0.008493
1645868662.595292 68.894400 27.263700 -3.463190 0.048462 0.008028 0.998790 -0.002470
1645868663.336427 68.383400 27.240400 -3.433570 0.048669 0.007562 0.998786 0.000415
1645868664.168484 67.847000 27.216800 -3.397900 0.048624 0.007736 0.998782 -0.003272
1645868665.005896 67.317600 27.180300 -3.363700 0.048568 0.007686 0.998712 -0.012469
1645868665.841767 66.778100 27.149500 -3.329270 0.048836 0.007926 0.998709 -0.011547
1645868666.671880 66.241300 27.110500 -3.295790 0.048530 0.008217 0.998344 -0.029786
1645868667.503999 65.740100 27.059200 -3.270100 0.048527 0.007705 0.997843 -0.043527
1645868668.503994 65.190000 27.001300 -3.236490 0.048356 0.008164 0.997774 -0.045183
1645868669.437050 64.677600 26.932400 -3.203540 0.048299 0.008116 0.997342 -0.053945
1645868670.340398 64.175200 26.859100 -3.170300 0.048209 0.008275 0.996696 -0.064842
1645868671.342797 63.658800 26.760700 -3.137800 0.047768 0.008085 0.995399 -0.082669
1645868672.436945 63.134900 26.639200 -3.111430 0.047406 0.008101 0.994256 -0.095619
1645868673.507353 62.637200 26.513400 -3.090320 0.047399 0.007280 0.992456 -0.112834
1645868674.839922 62.115900 26.348500 -3.071480 0.047198 0.008477 0.989503 -0.136328
1645868675.764032 61.617900 26.178800 -3.057960 0.046770 0.008691 0.985283 -0.164179
1645868676.763168 61.107400 25.976700 -3.050100 0.046773 0.008523 0.983420 -0.174999
1645868677.672703 60.622600 25.809000 -3.034280 0.047961 0.009327 0.989657 -0.134879
1645868678.674134 60.098600 25.679900 -3.011850 0.049341 0.008805 0.994955 -0.086907
1645868679.609708 59.585900 25.595700 -2.992050 0.049066 0.010500 0.996939 -0.059953
1645868680.442075 59.076000 25.538200 -2.971000 0.049396 0.010821 0.998297 -0.029077
1645868681.676979 58.578600 25.497000 -2.940700 0.049415 0.010317 0.998303 -0.029017
1645868683.285009 58.057100 25.420200 -2.912880 0.049152 0.009781 0.997938 -0.040108
1645868684.452721 57.551500 25.368500 -2.874270 0.049073 0.009582 0.998259 -0.031300
1645868685.509547 57.047200 25.328400 -2.843310 0.049209 0.010755 0.998418 -0.024983
1645868686.621418 56.529600 25.288700 -2.809840 0.048638 0.009423 0.998290 -0.031030
1645868687.784461 56.022700 25.238400 -2.780180 0.048099 0.009425 0.997938 -0.041433
1645868688.948423 55.512100 25.186700 -2.761980 0.047999 0.008731 0.997859 -0.043556
1645868690.007078 54.981400 25.132300 -2.742360 0.047853 0.007779 0.997975 -0.041183
1645868691.341339 54.459700 25.093100 -2.732080 0.047534 0.008014 0.998281 -0.033349
1645868692.507313 53.943500 25.055900 -2.719200 0.047710 0.007468 0.998504 -0.025656
1645868693.506896 53.434800 25.012700 -2.701190 0.047637 0.006502 0.998381 -0.030408
1645868694.505281 52.903600 24.967400 -2.680800 0.047582 0.007142 0.998543 -0.024447
1645868695.617934 52.388300 24.916400 -2.661470 0.047550 0.007152 0.998514 -0.025664
1645868696.678015 51.849700 24.868100 -2.642630 0.047572 0.006390 0.998339 -0.031848
1645868697.673597 51.299500 24.823100 -2.625280 0.047489 0.006558 0.998447 -0.028387
1645868698.847039 50.783400 24.782900 -2.609230 0.047347 0.007812 0.998650 -0.019893
1645868701.621123 50.291300 24.737100 -2.586530 0.047169 0.007708 0.998742 -0.015147
1645868703.010471 49.787700 24.725000 -2.558410 0.047415 0.008679 0.998829 -0.004118
1645868704.458070 49.277600 24.709100 -2.526580 0.047509 0.009673 0.998730 0.013692
1645868706.455073 48.811600 24.649300 -2.486670 0.046523 0.014076 0.996117 -0.073411
1645868708.292366 48.297500 24.573000 -2.466940 0.046999 0.013911 0.996946 -0.060797
1645868709.794436 47.802500 24.539000 -2.438760 0.047604 0.012723 0.998267 -0.032174
1645868711.506256 47.286800 24.525100 -2.397850 0.047756 0.012355 0.998531 -0.022399
1645868713.007565 46.745600 24.460600 -2.361940 0.047926 0.012588 0.998571 -0.020015
1645868714.340559 46.230100 24.417400 -2.342720 0.048018 0.013508 0.998669 0.013094
1645868715.503033 45.697800 24.406300 -2.325650 0.047916 0.013384 0.998696 0.011451
1645868716.504321 45.192700 24.392900 -2.304190 0.048125 0.013125 0.998659 0.013855
1645868717.502642 44.672500 24.389200 -2.277330 0.048239 0.013790 0.998299 0.029688
1645868718.455245 44.126400 24.406400 -2.251710 0.048523 0.013793 0.997103 0.056926
1645868719.622308 43.615900 24.436200 -2.227470 0.048415 0.013930 0.995847 0.075836
1645868720.670838 43.087100 24.478200 -2.199600 0.048511 0.013378 0.996672 0.064124
1645868721.619253 42.540100 24.495300 -2.172520 0.048385 0.013016 0.998139 0.034747
1645868722.502125 41.987100 24.498600 -2.140060 0.048202 0.013532 0.998620 0.015889
1645868723.504952 41.460800 24.486900 -2.110570 0.048241 0.013825 0.998664 0.012292
1645868724.456583 40.940600 24.477300 -2.086440 0.048292 0.014347 0.998509 0.021044
1645868725.332694 40.419600 24.479300 -2.063130 0.048398 0.014601 0.998166 0.033292
1645868726.285390 39.890400 24.491900 -2.041320 0.048233 0.014478 0.997885 0.041111
1645868727.168612 39.346700 24.509800 -2.015580 0.048107 0.014640 0.998038 0.037290
1645868728.002048 38.830800 24.522700 -1.995660 0.048034 0.014183 0.998319 0.029158
1645868728.837816 38.307000 24.527300 -1.977280 0.048039 0.014424 0.998532 0.020466
1645868729.839507 37.746500 24.524600 -1.956290 0.047988 0.014811 0.998680 0.010769
1645868730.836652 37.198900 24.511400 -1.941100 0.047798 0.015794 0.998732 -0.000172
1645868731.835543 36.655700 24.484100 -1.939220 0.047876 0.014552 0.998722 -0.007067
1645868732.795213 36.093400 24.446900 -1.933180 0.047919 0.014752 0.998721 -0.006587
1645868733.619400 35.553300 24.429200 -1.919710 0.047993 0.014465 0.998743 -0.000377
1645868734.336949 35.032500 24.415600 -1.909630 0.047874 0.014444 0.998688 0.010999
1645868735.172014 34.501500 24.413900 -1.902340 0.047817 0.014534 0.998555 0.019739
1645868736.001480 33.977400 24.415200 -1.888100 0.047818 0.015124 0.998446 0.024293
1645868736.834798 33.435500 24.416100 -1.876330 0.047823 0.014827 0.998600 0.017037
1645868737.667090 32.908800 24.400500 -1.867580 0.047752 0.014648 0.998707 0.009497
1645868738.500233 32.372300 24.395500 -1.860250 0.047823 0.014033 0.998712 0.009462
1645868739.334316 31.841800 24.386500 -1.854500 0.048016 0.014815 0.998647 0.013353
1645868740.167167 31.311200 24.378300 -1.843120 0.048218 0.015137 0.998560 0.018003
1645868741.002436 30.795500 24.378500 -1.825580 0.048331 0.015139 0.998547 0.018420
1645868741.833435 30.244000 24.387500 -1.807910 0.048418 0.014778 0.998607 0.014878
1645868742.665150 29.711900 24.382300 -1.790620 0.048571 0.013821 0.998691 0.008110
1645868743.500642 29.179700 24.368600 -1.768360 0.048647 0.013801 0.998716 0.002891
1645868744.332980 28.631500 24.348800 -1.750290 0.048770 0.013690 0.998713 -0.002418
1645868745.168813 28.106400 24.325700 -1.733940 0.048518 0.012799 0.998709 -0.007918
1645868746.005274 27.576400 24.296500 -1.714760 0.048185 0.013299 0.998673 -0.012349
1645868746.838591 27.049000 24.256400 -1.699180 0.047855 0.012946 0.998639 -0.016197
1645868747.665596 26.499300 24.215900 -1.685450 0.048131 0.012449 0.998550 -0.020624
1645868748.453933 25.980300 24.168700 -1.673080 0.048426 0.010649 0.998461 -0.024862
1645868749.164569 25.465200 24.120400 -1.655530 0.048323 0.010614 0.998451 -0.025443
1645868749.998516 24.908600 24.059200 -1.641610 0.048628 0.010903 0.998530 -0.021295
1645868750.831405 24.374900 24.019600 -1.622290 0.048621 0.010426 0.998599 -0.018089
1645868751.829172 23.845200 23.977400 -1.598380 0.048970 0.009880 0.998651 -0.014147
1645868752.999634 23.332600 23.933500 -1.576050 0.048785 0.010248 0.998463 -0.024211
1645868756.164099 22.431400 23.770500 -1.478340 0.049131 0.011878 0.998681 0.009070
1645868757.606604 21.890800 23.755100 -1.447910 0.049238 0.012040 0.998710 0.002810
1645868758.936931 21.363500 23.720400 -1.421570 0.049367 0.011942 0.998527 -0.019102
1645868760.098696 20.854100 23.661400 -1.398800 0.048833 0.011518 0.997754 -0.044378
1645868760.932903 20.348200 23.616500 -1.378120 0.049008 0.011905 0.998371 -0.026686
1645868761.769238 19.813600 23.576300 -1.357690 0.049077 0.012073 0.998243 -0.030925
1645868762.496192 19.260900 23.546400 -1.332110 0.048827 0.012177 0.998671 -0.011135
1645868763.261733 18.761400 23.521800 -1.309850 0.048501 0.011585 0.998663 -0.013644
1645868763.987796 18.258000 23.501800 -1.287960 0.048496 0.011668 0.998696 -0.010855
1645868764.823057 17.723500 23.471100 -1.260340 0.048672 0.011683 0.998662 -0.013018
1645868765.655119 17.173100 23.416800 -1.230620 0.049206 0.013559 0.998420 -0.023486
1645868766.428327 16.656900 23.372300 -1.203430 0.049442 0.013205 0.998513 -0.018788
1645868767.262856 16.102700 23.341400 -1.174560 0.049708 0.014213 0.998646 -0.005747
1645868767.989573 15.569700 23.334000 -1.147790 0.049812 0.013889 0.998552 0.014811
1645868768.762067 15.017000 23.326100 -1.114980 0.049917 0.013462 0.998658 0.003064
1645868769.490827 14.474700 23.311600 -1.081390 0.049778 0.013842 0.998633 -0.007940
1645868770.157744 13.945200 23.283700 -1.047090 0.049470 0.013401 0.998570 -0.015228
1645868770.826061 13.413300 23.246300 -1.009050 0.049623 0.013294 0.998526 -0.017541
1645868771.489249 12.883400 23.204500 -0.968194 0.049503 0.013699 0.998431 -0.022300
1645868772.253344 12.303600 23.172400 -0.929440 0.049958 0.013862 0.998483 -0.018514
1645868772.986369 11.743400 23.141500 -0.905939 0.049987 0.014079 0.998599 -0.010128
1645868773.750418 11.210500 23.118300 -0.889476 0.050082 0.013676 0.998637 -0.005397
1645868774.585410 10.699600 23.097200 -0.880749 0.049976 0.014377 0.998617 -0.007778
1645868775.488875 10.167500 23.073900 -0.881259 0.050169 0.013567 0.998644 -0.002977
1645868776.417721 9.655710 23.066100 -0.872745 0.050213 0.013544 0.998590 0.010673
1645868777.319601 9.101180 23.068600 -0.854250 0.049990 0.014666 0.998550 0.013551
1645868778.154093 8.529860 23.070900 -0.830859 0.049904 0.014778 0.998606 0.008749
1645868778.916312 8.015460 23.064500 -0.810716 0.049977 0.014860 0.998639 0.001359
1645868779.654798 7.480900 23.046500 -0.786129 0.049771 0.015122 0.998606 -0.008901
1645868780.487358 6.942150 23.024200 -0.760624 0.049746 0.014220 0.998550 -0.014848
1645868781.246452 6.434810 22.996200 -0.735843 0.049799 0.014094 0.998468 -0.019550
1645868781.987305 5.918930 22.958600 -0.711728 0.049771 0.014476 0.998266 -0.027904
1645868782.747783 5.392750 22.909900 -0.684350 0.049713 0.014235 0.997682 -0.044238
1645868783.483958 4.880310 22.840100 -0.652806 0.049093 0.014043 0.996120 -0.071672
1645868784.317257 4.366470 22.740800 -0.621181 0.048616 0.013859 0.993455 -0.102426
1645868785.244437 3.851130 22.616000 -0.588624 0.048233 0.013736 0.989470 -0.135773
1645868786.155094 3.343390 22.459400 -0.557494 0.048796 0.014060 0.984654 -0.166966
1645868787.154340 2.857500 22.272700 -0.526475 0.048320 0.014855 0.978847 -0.198251
1645868788.249308 2.388440 22.056500 -0.489400 0.048224 0.012332 0.973676 -0.222436
1645868789.417068 1.920290 21.803800 -0.453908 0.048058 0.012078 0.967904 -0.246388
1645868790.318825 1.496440 21.538100 -0.423997 0.047666 0.011803 0.961605 -0.270009
1645868791.249761 1.065400 21.248900 -0.388549 0.047332 0.011777 0.953596 -0.297110
1645868792.257112 0.650988 20.936800 -0.349515 0.047496 0.012042 0.942852 -0.329589
1645868793.418476 0.255553 20.585500 -0.308919 0.047224 0.012277 0.929558 -0.365432
1645868794.482843 -0.091689 20.214600 -0.273724 0.046304 0.010895 0.911114 -0.409400
1645868795.485312 -0.391878 19.815100 -0.248452 0.044576 0.010371 0.885899 -0.461615
1645868796.431595 -0.654480 19.384300 -0.226712 0.043319 0.010168 0.866691 -0.496858
1645868797.442534 -0.897264 18.935600 -0.205873 -0.043275 -0.010209 -0.864865 0.500031
1645868798.485638 -1.161070 18.479500 -0.190311 -0.042961 -0.010187 -0.863845 0.501819
1645868799.484518 -1.431110 18.009800 -0.177076 -0.042993 -0.009454 -0.861785 0.505361
1645868800.487926 -1.693180 17.566800 -0.165062 -0.042457 -0.010286 -0.860969 0.506778
1645868801.771138 -1.951460 17.127300 -0.145165 -0.042148 -0.010243 -0.856090 0.515003
1645868802.819036 -2.195350 16.671500 -0.120088 -0.041310 -0.010180 -0.850579 0.524124
1645868803.818336 -2.436670 16.193000 -0.096878 -0.040361 -0.010604 -0.846737 0.530373
1645868804.763395 -2.675940 15.689200 -0.071883 -0.038494 -0.011881 -0.840710 0.539985
1645868805.651704 -2.888210 15.201600 -0.053360 -0.038887 -0.011576 -0.834156 0.550035
1645868806.485640 -3.095180 14.719300 -0.031048 -0.038014 -0.011632 -0.827903 0.559461
1645868807.318364 -3.289380 14.233100 -0.013812 -0.038500 -0.010439 -0.822383 0.567534
1645868808.265581 -3.473860 13.726500 0.006080 -0.038624 -0.008996 -0.810343 0.584611
1645868808.985230 -3.621940 13.245600 0.025326 -0.038130 -0.008448 -0.796601 0.603243
1645868809.819970 -3.747580 12.740400 0.053398 -0.035552 -0.008100 -0.776176 0.629461
1645868810.653951 -3.840390 12.217700 0.074889 -0.033250 -0.007547 -0.753249 0.656851
1645868811.486885 -3.894340 11.702600 0.084826 -0.031671 -0.007706 -0.732451 0.680039
1645868812.438577 -3.918600 11.189400 0.089059 -0.029582 -0.007692 -0.709401 0.704142
1645868813.319744 -3.904750 10.656400 0.093838 -0.028092 -0.007451 -0.690249 0.722988
1645868814.266743 -3.876930 10.112700 0.098384 -0.027933 -0.007736 -0.691032 0.722243
1645868815.099329 -3.856350 9.574260 0.099854 -0.028803 -0.007167 -0.694763 0.718626
1645868815.985334 -3.837090 9.003580 0.105379 -0.028985 -0.007194 -0.691121 0.722122
1645868816.933196 -3.822670 8.461930 0.111891 -0.029130 -0.007141 -0.691333 0.721914
1645868817.768292 -3.818160 7.945690 0.119024 -0.028526 -0.007834 -0.687462 0.725618
1645868818.653748 -3.794060 7.430230 0.125072 -0.028474 -0.007454 -0.683675 0.729193
1645868819.600827 -3.767730 6.919870 0.129174 -0.028343 -0.007592 -0.680577 0.732088
1645868820.485592 -3.733390 6.372210 0.135641 -0.028789 -0.008373 -0.685766 0.727204
1645868821.318939 -3.697770 5.834390 0.138973 -0.029955 -0.008115 -0.689467 0.723652
1645868822.151822 -3.678200 5.322850 0.136506 -0.029299 -0.009108 -0.689928 0.723228
1645868823.099886 -3.658490 4.813570 0.145088 -0.029252 -0.008807 -0.688850 0.724260
1645868824.264098 -3.648170 4.310400 0.155601 -0.028792 -0.008630 -0.686637 0.726379
1645868825.594259 -3.616570 3.791000 0.169294 -0.030388 -0.006017 -0.680434 0.732154
1645868826.815989 -3.576550 3.280340 0.184660 -0.029397 -0.006830 -0.672957 0.739065
1645868827.923903 -3.518880 2.767210 0.198698 -0.026881 -0.006388 -0.635218 0.771839
1645868828.981900 -3.385040 2.287100 0.204405 -0.024412 -0.003220 -0.578078 0.815610
1645868830.261789 -3.184370 1.816180 0.212424 -0.018986 -0.003075 -0.505235 0.862767
1645868831.763206 -2.938240 1.434130 0.210860 -0.012474 -0.005458 -0.425697 0.904764
1645868833.094811 -2.571700 1.058680 0.198225 -0.009926 -0.004164 -0.349438 0.936898
1645868834.420354 -2.165390 0.745237 0.186481 -0.005860 -0.003115 -0.277893 0.960589
1645868835.757075 -1.716830 0.514009 0.168094 -0.002650 -0.002628 -0.209023 0.977904
1645868836.986188 -1.234620 0.345436 0.149229 -0.000696 -0.001278 -0.142466 0.989799
1645868838.156636 -0.747958 0.238543 0.118730 0.001548 -0.000527 -0.082156 0.996618
1645868839.492088 -0.245584 0.197402 0.088771 0.003222 0.000443 -0.021749 0.999758
1645868840.755579 0.286401 0.199133 0.063177 0.005231 0.001146 0.020469 0.999776
1645868848.096696 0.752255 0.289341 0.053594 0.006184 0.000853 0.015437 0.999861
1645868849.597312 1.287940 0.317200 0.033531 0.005370 0.000603 0.007199 0.999960
1645868850.596714 1.797930 0.337901 0.018319 0.006140 0.000712 0.015895 0.999855
1645868851.590755 2.332270 0.354988 -0.001622 0.005901 0.000391 0.004688 0.999971
1645868852.587457 2.852970 0.374250 -0.015881 0.006550 0.000243 0.012338 0.999902
1645868853.490795 3.372240 0.398843 -0.043047 0.006504 0.000257 0.004483 0.999969
1645868854.489585 3.909880 0.412592 -0.074405 0.004852 0.000006 -0.014229 0.999887
1645868855.417040 4.444270 0.412366 -0.108379 0.004451 -0.000097 -0.011657 0.999922
1645868856.250009 4.960020 0.432116 -0.136927 0.005776 0.000377 0.008173 0.999950
1645868857.080128 5.496320 0.468448 -0.166526 0.007506 0.000823 0.033916 0.999396
1645868857.914272 6.030330 0.533215 -0.194133 0.008650 0.001157 0.054483 0.998477
1645868858.820494 6.561880 0.616511 -0.216027 0.010077 0.001361 0.070129 0.997486
1645868859.992480 7.096540 0.726038 -0.242219 0.011159 0.001649 0.081942 0.996573
1645868861.245117 7.627740 0.838262 -0.271939 0.011252 0.001913 0.087649 0.996086
1645868862.580901 8.134590 0.956711 -0.300751 0.010871 0.002262 0.089684 0.995908
