# timestamp tx ty tz qx qy qz qw
1652439552.246733 -0.000000 0.000000 0.000000 0.000000 -0.000000 0.000000 1.000000
1652439554.633282 0.505087 0.019782 -0.020424 -0.000598 0.001039 -0.036832 0.999321
1652439556.130996 1.041543 0.008017 -0.050324 0.000228 0.001216 -0.021972 0.999758
1652439557.412472 1.570353 -0.003568 -0.077433 -0.002152 0.000804 -0.028255 0.999598
1652439558.577150 2.083504 -0.003097 -0.104990 -0.002616 0.000451 -0.022477 0.999744
1652439559.632157 2.596295 -0.014564 -0.140826 -0.003938 0.000648 -0.025362 0.999670
1652439560.741377 3.107572 -0.031219 -0.170587 -0.003695 0.000311 -0.034837 0.999386
1652439561.740631 3.623808 -0.053944 -0.205086 -0.004213 0.000061 -0.030668 0.999521
1652439562.631153 4.125845 -0.070732 -0.239695 -0.005474 0.000523 -0.020719 0.999770
1652439563.739807 4.650244 -0.082529 -0.266550 -0.004357 0.000658 -0.022479 0.999738
1652439564.913819 5.170711 -0.093054 -0.292813 -0.003876 0.000781 -0.019231 0.999807
1652439565.964012 5.687841 -0.104240 -0.324151 -0.003027 0.000530 -0.019498 0.999805
1652439566.964689 6.197252 -0.111898 -0.359684 -0.003348 0.000435 -0.019129 0.999811
1652439568.131441 6.718340 -0.111011 -0.391222 -0.003140 0.000818 -0.014531 0.999889
1652439569.298917 7.249668 -0.118006 -0.421828 -0.003150 0.001209 -0.013985 0.999897
1652439570.301268 7.772427 -0.130345 -0.447709 -0.002740 0.001328 -0.021279 0.999769
1652439571.407095 8.300683 -0.149349 -0.474770 -0.002662 0.001635 -0.025845 0.999661
1652439572.468106 8.825398 -0.170673 -0.505891 -0.003601 0.001280 -0.029813 0.999548
1652439573.572102 9.358635 -0.191349 -0.525336 -0.004216 0.001246 -0.029252 0.999562
1652439574.627765 9.900075 -0.215978 -0.550359 -0.004397 0.001512 -0.034462 0.999395
1652439575.734894 10.415427 -0.240783 -0.579332 -0.004596 0.001998 -0.028311 0.999587
1652439576.736567 10.915731 -0.260530 -0.605987 -0.004609 0.002056 -0.027098 0.999620
1652439577.735787 11.432742 -0.276953 -0.634320 -0.003732 0.002163 -0.029284 0.999562
1652439578.740812 11.935276 -0.292833 -0.662461 -0.005000 0.001937 -0.029046 0.999564
1652439579.751950 12.468974 -0.309553 -0.694899 -0.008007 0.001384 -0.025745 0.999636
1652439580.630736 13.004659 -0.322900 -0.729513 -0.007730 0.001480 -0.016827 0.999827
1652439581.630629 13.526235 -0.323585 -0.749795 -0.007292 0.002538 -0.009005 0.999930
1652439582.568137 14.047728 -0.319998 -0.771393 -0.006726 0.002538 -0.011847 0.999904
1652439583.567339 14.589476 -0.326013 -0.792640 -0.006811 0.002566 -0.013511 0.999882
1652439584.569892 15.123000 -0.342459 -0.810988 -0.006843 0.002549 -0.020731 0.999758
1652439585.572462 15.655842 -0.371361 -0.839282 -0.008058 0.002215 -0.038489 0.999224
1652439586.461130 16.189277 -0.409631 -0.866870 -0.006779 0.002911 -0.041453 0.999113
1652439587.295288 16.708827 -0.440520 -0.893426 -0.007134 0.003020 -0.037547 0.999265
1652439588.236303 17.248707 -0.460962 -0.918214 -0.004894 0.003745 -0.010197 0.999929
1652439589.070410 17.748481 -0.468206 -0.944214 -0.006163 0.003618 -0.013776 0.999880
1652439589.962608 18.288469 -0.466661 -0.969176 -0.005674 0.003465 -0.005761 0.999961
1652439590.800915 18.795295 -0.468204 -0.996799 -0.005041 0.003146 -0.014619 0.999875
1652439591.734503 19.313336 -0.467436 -1.032151 -0.004691 0.003220 -0.013031 0.999899
1652439592.629878 19.858696 -0.473218 -1.070261 -0.004341 0.003350 -0.008138 0.999952
1652439593.569125 20.391183 -0.472009 -1.101525 -0.003804 0.003487 -0.008997 0.999946
1652439594.462028 20.934391 -0.476121 -1.132043 -0.004947 0.003086 -0.014296 0.999881
1652439595.401450 21.444001 -0.491870 -1.158026 -0.004634 0.003071 -0.017923 0.999824
1652439596.300223 21.952020 -0.502198 -1.180760 -0.004218 0.003284 -0.019204 0.999801
1652439597.299813 22.492327 -0.513371 -1.207630 -0.003426 0.003217 -0.016901 0.999846
1652439598.241169 23.016644 -0.520613 -1.231609 -0.004045 0.003449 -0.009395 0.999942
1652439599.073993 23.538219 -0.524600 -1.256240 -0.004298 0.003174 -0.019884 0.999788
1652439599.905376 24.037593 -0.529183 -1.279233 -0.004173 0.003390 -0.018131 0.999821
1652439600.797665 24.584160 -0.532765 -1.306751 -0.004431 0.003060 -0.015533 0.999865
1652439601.742763 25.121206 -0.530943 -1.329305 -0.003607 0.003633 0.001416 0.999986
1652439602.631390 25.620178 -0.516282 -1.351865 -0.002692 0.004028 0.012142 0.999915
1652439603.578090 26.126137 -0.509407 -1.373032 -0.003670 0.003890 0.000556 0.999986
1652439604.578700 26.676888 -0.506285 -1.396480 -0.004081 0.003440 -0.005893 0.999968
1652439605.465919 27.204467 -0.506876 -1.418783 -0.005777 0.003226 -0.007129 0.999953
1652439606.413397 27.756838 -0.506038 -1.439153 -0.005663 0.003185 -0.008078 0.999946
1652439607.246948 28.260726 -0.508181 -1.460556 -0.005691 0.003129 -0.014110 0.999879
1652439608.133981 28.784417 -0.516649 -1.482118 -0.006024 0.003488 -0.006415 0.999955
1652439609.086303 29.314704 -0.502641 -1.512560 -0.006141 0.004414 0.014139 0.999871
1652439609.967259 29.834824 -0.474630 -1.545524 -0.007781 0.004901 0.020906 0.999739
1652439610.929918 30.377085 -0.449674 -1.576911 -0.008063 0.004735 0.014879 0.999846
1652439611.928971 30.880851 -0.427521 -1.607353 -0.008486 0.004532 0.011536 0.999887
1652439612.921227 31.422469 -0.406640 -1.633772 -0.008133 0.004465 0.011329 0.999893
1652439613.800358 31.922635 -0.390987 -1.660537 -0.008447 0.004355 0.010498 0.999900
1652439614.764134 32.453413 -0.379378 -1.694529 -0.008833 0.004166 0.007201 0.999926
1652439615.585166 32.963914 -0.364905 -1.731097 -0.008457 0.003670 0.005201 0.999944
1652439616.416632 33.467233 -0.358759 -1.769856 -0.008684 0.003380 -0.000186 0.999957
1652439617.299304 33.990932 -0.363316 -1.814426 -0.009485 0.003151 -0.012127 0.999877
1652439618.418096 34.532673 -0.369039 -1.859617 -0.009914 0.003295 -0.010643 0.999889
1652439619.298054 35.036957 -0.362727 -1.897947 -0.009438 0.004044 0.004394 0.999938
1652439620.249757 35.569952 -0.350180 -1.940235 -0.009837 0.004351 0.003225 0.999937
1652439621.084302 36.071843 -0.339320 -1.975573 -0.010389 0.004349 0.000080 0.999937
1652439621.965480 36.588598 -0.330972 -2.000885 -0.010441 0.004378 0.002293 0.999933
1652439622.965946 37.132060 -0.320144 -2.035603 -0.009963 0.004829 0.006039 0.999920
1652439623.917789 37.667050 -0.307875 -2.076923 -0.009433 0.004911 0.007860 0.999913
1652439624.752333 38.186462 -0.302921 -2.113078 -0.009709 0.004876 0.003326 0.999935
1652439625.637371 38.720171 -0.285781 -2.153240 -0.010355 0.005010 0.004523 0.999924
1652439626.588351 39.236852 -0.272660 -2.194861 -0.010255 0.004514 0.003725 0.999930
1652439627.465984 39.742024 -0.257874 -2.230397 -0.010110 0.004566 0.006888 0.999915
1652439628.468772 40.283778 -0.240305 -2.261778 -0.009943 0.004404 0.006767 0.999918
1652439629.466164 40.824048 -0.232996 -2.285654 -0.009403 0.004426 0.010849 0.999887
1652439630.470302 41.344848 -0.216303 -2.311770 -0.009256 0.004517 0.014566 0.999841
1652439631.417168 41.869646 -0.197346 -2.333381 -0.009730 0.004376 0.013190 0.999856
1652439632.414532 42.393572 -0.183750 -2.359591 -0.010048 0.004026 0.013495 0.999850
1652439633.416960 42.928183 -0.170166 -2.382296 -0.010685 0.004092 0.004894 0.999923
1652439634.464793 43.448979 -0.157171 -2.404892 -0.011101 0.004432 0.002203 0.999926
1652439635.466905 43.977777 -0.147684 -2.436573 -0.010888 0.004698 -0.001436 0.999929
1652439636.465220 44.492708 -0.143184 -2.463830 -0.011008 0.004477 -0.002573 0.999926
1652439637.465649 45.010085 -0.135507 -2.485516 -0.011420 0.004884 0.004218 0.999914
1652439638.465097 45.539567 -0.123370 -2.497961 -0.011241 0.005016 0.012564 0.999845
1652439639.468443 46.052819 -0.106253 -2.512551 -0.010125 0.004773 0.015561 0.999816
1652439640.463293 46.570231 -0.080255 -2.518540 -0.010378 0.004564 0.017530 0.999782
1652439641.583906 47.103860 -0.052139 -2.517718 -0.009809 0.004474 0.020842 0.999725
1652439642.590204 47.609886 -0.025333 -2.531354 -0.009681 0.004689 0.023269 0.999671
1652439643.583856 48.155028 0.002026 -2.553194 -0.010598 0.004726 0.021410 0.999703
1652439644.468557 48.657527 0.033746 -2.581064 -0.011222 0.004777 0.021621 0.999692
1652439645.418073 49.177295 0.058337 -2.618814 -0.011533 0.004525 0.015341 0.999806
1652439646.299037 49.730187 0.095513 -2.651742 -0.010536 0.004555 0.026224 0.999590
1652439647.133292 50.240399 0.120607 -2.679103 -0.011160 0.003963 0.018184 0.999765
1652439647.962938 50.773731 0.157540 -2.706857 -0.010688 0.004434 0.031265 0.999444
1652439648.963309 51.297511 0.191577 -2.734271 -0.010869 0.003918 0.017898 0.999773
1652439649.924973 51.820851 0.212305 -2.766333 -0.012323 0.003574 0.008489 0.999882
1652439650.798146 52.328772 0.223474 -2.807713 -0.012495 0.003113 0.001008 0.999917
1652439651.799061 52.861797 0.235065 -2.854301 -0.012837 0.003052 0.004925 0.999901
1652439652.751103 53.368629 0.257654 -2.897461 -0.010430 0.003479 0.026330 0.999593
1652439653.748916 53.914014 0.304517 -2.941407 -0.009169 0.004047 0.046269 0.998879
1652439654.632911 54.443851 0.341650 -2.977633 -0.010124 0.003367 0.023005 0.999678
1652439655.584698 54.971214 0.367637 -3.014376 -0.010717 0.002758 0.018090 0.999775
1652439656.592443 55.506176 0.391411 -3.054258 -0.010156 0.002786 0.019441 0.999756
1652439657.590301 56.051320 0.429862 -3.089391 -0.008901 0.003249 0.036843 0.999276
1652439658.465048 56.588386 0.470933 -3.118072 -0.010412 0.002634 0.019279 0.999756
1652439659.417232 57.126913 0.486652 -3.156542 -0.011725 0.001625 -0.002198 0.999928
1652439660.297972 57.632536 0.500236 -3.193566 -0.010646 0.002054 0.014365 0.999838
1652439661.250092 58.168430 0.524645 -3.232643 -0.009979 0.002370 0.021970 0.999706
1652439662.131165 58.702515 0.560925 -3.262382 -0.009948 0.002651 0.023590 0.999669
1652439663.130953 59.218318 0.590953 -3.291452 -0.010367 0.002161 0.022976 0.999680
1652439664.251296 59.758885 0.625656 -3.310543 -0.011337 0.002608 0.025409 0.999609
1652439665.249009 60.288869 0.654115 -3.337270 -0.012005 0.002624 0.022472 0.999672
1652439666.133019 60.801373 0.681596 -3.367740 -0.012598 0.002883 0.024402 0.999619
1652439667.131965 61.328332 0.715752 -3.387622 -0.015818 0.004173 0.016948 0.999723
1652439668.079523 61.844358 0.743357 -3.415397 -0.015636 0.004769 0.025118 0.999551
1652439668.963489 62.348859 0.775935 -3.437420 -0.015946 0.005149 0.031119 0.999375
1652439669.961130 62.862026 0.814523 -3.458590 -0.016754 0.004983 0.036072 0.999196
1652439670.962666 63.399498 0.858610 -3.479809 -0.016096 0.004225 0.025619 0.999533
1652439671.961779 63.947904 0.886090 -3.497566 -0.016085 0.003518 0.012224 0.999790
1652439672.794609 64.458010 0.899442 -3.518171 -0.016486 0.003313 0.012633 0.999779
1652439673.627285 65.010157 0.937774 -3.546619 -0.015289 0.004238 0.031778 0.999369
1652439674.460184 65.518801 0.974128 -3.576151 -0.013544 0.004623 0.041645 0.999030
1652439675.411144 66.057163 1.025737 -3.614253 -0.013767 0.004711 0.048675 0.998709
1652439676.294617 66.561006 1.085111 -3.649246 -0.013503 0.004963 0.059952 0.998098
1652439677.411511 67.106105 1.144701 -3.677671 -0.015346 0.003630 0.034152 0.999292
1652439678.295957 67.625028 1.185037 -3.701745 -0.015224 0.003655 0.030177 0.999422
1652439679.127229 68.153352 1.233335 -3.728410 -0.014932 0.004015 0.037476 0.999178
1652439679.960214 68.671568 1.277424 -3.750339 -0.015751 0.004201 0.038515 0.999125
1652439680.795182 69.187801 1.318166 -3.776509 -0.015540 0.003895 0.036072 0.999221
1652439681.794760 69.715393 1.358868 -3.797646 -0.016111 0.003415 0.030296 0.999405
1652439682.740192 70.248767 1.400240 -3.830261 -0.017001 0.002724 0.029042 0.999430
1652439683.569417 70.753538 1.433821 -3.861041 -0.015594 0.002483 0.025399 0.999553
1652439684.404766 71.256820 1.471887 -3.887260 -0.015690 0.003257 0.034094 0.999290
1652439685.295780 71.773983 1.510857 -3.913608 -0.015505 0.003288 0.038504 0.999133
1652439686.235932 72.319199 1.559481 -3.939431 -0.015006 0.003748 0.042813 0.998963
1652439687.126792 72.845828 1.604358 -3.966179 -0.015262 0.003394 0.035618 0.999243
1652439688.070611 73.364067 1.637113 -3.988976 -0.014666 0.003339 0.029809 0.999442
1652439689.072330 73.884273 1.680819 -4.009749 -0.014452 0.003582 0.030014 0.999439
1652439689.959784 74.425516 1.717126 -4.034802 -0.015049 0.003120 0.025300 0.999562
1652439691.072131 74.929066 1.752932 -4.051934 -0.014226 0.003437 0.031120 0.999409
1652439692.074434 75.471388 1.791908 -4.068230 -0.014584 0.003168 0.034147 0.999305
1652439693.128766 75.995559 1.840027 -4.085708 -0.013257 0.002685 0.040307 0.999096
1652439694.130163 76.514536 1.888159 -4.098640 -0.011971 0.002544 0.034510 0.999329
1652439695.128139 77.026877 1.922355 -4.121755 -0.013026 0.001593 0.017467 0.999761
1652439696.237987 77.560232 1.943022 -4.141298 -0.012824 0.002459 0.027719 0.999530
1652439697.240720 78.100809 1.984154 -4.170439 -0.013366 0.003306 0.043474 0.998960
1652439698.240115 78.632353 2.047818 -4.197507 -0.012579 0.003799 0.055243 0.998386
1652439699.299290 79.158428 2.112135 -4.223806 -0.012161 0.003489 0.050807 0.998628
1652439700.406170 79.689897 2.165554 -4.250128 -0.014119 0.002864 0.042230 0.999004
1652439701.404052 80.204164 2.207613 -4.278142 -0.015238 0.001681 0.028373 0.999480
1652439702.404343 80.735647 2.245261 -4.311509 -0.012636 0.001751 0.050928 0.998621
1652439703.402459 81.270994 2.317696 -4.336923 -0.012743 0.002281 0.058201 0.998221
1652439704.402800 81.790312 2.372411 -4.358979 -0.013787 0.001645 0.045965 0.998847
1652439705.296504 82.295517 2.428220 -4.388998 -0.013758 0.002176 0.050688 0.998617
1652439706.293881 82.838144 2.487319 -4.417972 -0.013948 0.002897 0.047847 0.998753
1652439707.235151 83.340464 2.543200 -4.447342 -0.013897 0.002298 0.045329 0.998873
1652439708.234929 83.875796 2.590725 -4.472697 -0.014703 0.001753 0.037310 0.999194
1652439709.125924 84.371957 2.637690 -4.491337 -0.013196 0.002638 0.048874 0.998714
1652439710.126516 84.895646 2.696145 -4.509524 -0.012334 0.002606 0.049858 0.998677
1652439711.237414 85.405190 2.762830 -4.528678 -0.012648 0.002650 0.059446 0.998148
1652439712.293091 85.923345 2.836433 -4.550367 -0.013391 0.002899 0.067895 0.997598
1652439713.228103 86.464574 2.930514 -4.574710 -0.013446 0.003249 0.078136 0.996847
1652439714.234610 86.975607 3.006609 -4.604606 -0.015123 0.001851 0.057902 0.998206
1652439715.228087 87.510647 3.063587 -4.646605 -0.013619 0.000840 0.048280 0.998741
1652439716.228094 88.019944 3.112488 -4.677386 -0.012524 0.001379 0.062653 0.997956
1652439717.228325 88.526266 3.181408 -4.709689 -0.012308 0.000676 0.079787 0.996736
1652439718.124461 89.043887 3.270597 -4.724177 -0.010882 0.000967 0.087426 0.996111
1652439719.235923 89.584244 3.361732 -4.745553 -0.012475 0.000500 0.081247 0.996616
1652439720.123244 90.096729 3.438922 -4.758725 -0.013837 -0.000336 0.058872 0.998170
1652439721.123115 90.638069 3.502824 -4.764012 -0.014483 -0.000795 0.047236 0.998778
1652439722.220778 91.178602 3.561045 -4.772209 -0.014994 -0.000981 0.052996 0.998482
1652439723.221089 91.674241 3.629131 -4.776491 -0.015366 -0.000945 0.062420 0.997931
1652439724.219266 92.178162 3.713960 -4.786800 -0.014093 -0.000296 0.089975 0.995844
1652439725.220271 92.669000 3.829039 -4.798411 -0.013254 0.001102 0.125539 0.992000
1652439726.286716 93.138912 3.998041 -4.833968 -0.009886 0.002620 0.185493 0.982592
1652439727.387581 93.611684 4.250493 -4.870367 -0.004336 0.006421 0.261913 0.965060
1652439728.387530 94.019004 4.550179 -4.908103 0.003176 0.011029 0.347419 0.937640
1652439729.289371 94.314431 4.870106 -4.949340 0.005807 0.013048 0.430313 0.902567
1652439730.394954 94.598839 5.292341 -4.989484 0.005771 0.012678 0.449611 0.893116
1652439731.459222 94.884828 5.727348 -5.024290 0.006458 0.012802 0.458107 0.888782
1652439732.459353 95.175049 6.173466 -5.062199 0.006166 0.011553 0.458418 0.888640
1652439733.567425 95.478493 6.625121 -5.099668 0.004701 0.010227 0.453507 0.891182
1652439734.457024 95.763786 7.034598 -5.127376 0.002875 0.009510 0.436309 0.899742
1652439735.390297 96.076216 7.434720 -5.162452 0.001229 0.007893 0.417195 0.908782
1652439736.389163 96.431137 7.852735 -5.195598 -0.000235 0.006479 0.401591 0.915796
1652439737.228961 96.772041 8.235240 -5.225030 -0.000548 0.006228 0.397323 0.917658
1652439738.062198 97.104252 8.614051 -5.254258 -0.000078 0.006580 0.401384 0.915886
1652439738.955841 97.436721 8.990992 -5.284602 -0.000068 0.006608 0.404282 0.914611
1652439740.059070 97.769338 9.389676 -5.317410 0.000232 0.006696 0.419363 0.907794
1652439741.057625 98.105805 9.822851 -5.335808 0.003977 0.008503 0.456825 0.889507
1652439742.126652 98.374017 10.277642 -5.351547 0.009265 0.011455 0.530580 0.847507
1652439742.893271 98.495651 10.618795 -5.358580 0.014617 0.015243 0.603975 0.796724
1652439743.727995 98.559784 11.035151 -5.365354 0.019903 0.018829 0.677839 0.734699
1652439744.461858 98.545821 11.460907 -5.367856 0.022835 0.021536 0.740384 0.671451
1652439745.463107 98.451124 11.961133 -5.369372 0.027291 0.023790 0.765653 0.642234
1652439746.464966 98.337653 12.485542 -5.376562 0.027543 0.023194 0.765773 0.642102
1652439747.469117 98.223341 13.023566 -5.392396 0.027000 0.021727 0.762417 0.646158
1652439748.406446 98.119602 13.537549 -5.408273 0.027536 0.022385 0.755042 0.654715
1652439749.296844 98.033289 14.043058 -5.428547 0.027172 0.022070 0.747394 0.663458
1652439750.240801 97.960405 14.554146 -5.445383 0.028972 0.024734 0.745224 0.665725
1652439751.239009 97.882305 15.077891 -5.456820 0.027025 0.023734 0.739683 0.671994
1652439752.130502 97.827384 15.581589 -5.474373 0.025810 0.023160 0.725984 0.686837
1652439753.074463 97.773079 16.096305 -5.494438 0.026899 0.023570 0.745480 0.665568
1652439753.964221 97.703356 16.622523 -5.509919 0.026783 0.023497 0.739979 0.671686
1652439754.964017 97.627582 17.153098 -5.527614 0.027052 0.024021 0.750230 0.660187
1652439755.964079 97.546694 17.665967 -5.540794 0.026553 0.023525 0.747110 0.663753
1652439756.966806 97.470328 18.207505 -5.555728 0.026221 0.023157 0.740405 0.671250
1652439758.079473 97.402431 18.717682 -5.569566 0.026368 0.022407 0.746704 0.664255
1652439759.130976 97.322206 19.257588 -5.579661 0.028377 0.023728 0.754095 0.655723
1652439760.072653 97.222730 19.794962 -5.596940 0.029232 0.024668 0.753359 0.656496
1652439760.903082 97.143141 20.302805 -5.620221 0.027465 0.023236 0.748423 0.662245
1652439761.797195 97.062950 20.832470 -5.642360 0.028360 0.024726 0.744039 0.667076
1652439762.629307 96.993141 21.336641 -5.675448 0.028772 0.024800 0.749427 0.660996
1652439763.461279 96.905039 21.855513 -5.694512 0.027566 0.023497 0.758882 0.650220
1652439764.296512 96.805032 22.351182 -5.715756 0.028479 0.023886 0.769228 0.637893
1652439765.241809 96.689731 22.843901 -5.734328 0.028204 0.023562 0.772285 0.634212
1652439766.129308 96.564837 23.377648 -5.753565 0.028582 0.023481 0.776037 0.629602
1652439767.066226 96.435223 23.902994 -5.767972 0.025468 0.021333 0.776386 0.629381
1652439767.900160 96.303685 24.403537 -5.778927 0.024038 0.021912 0.781813 0.622664
1652439768.726128 96.160613 24.914818 -5.796077 0.024593 0.022888 0.805584 0.591529
1652439769.627265 95.956169 25.399336 -5.813584 0.025818 0.023926 0.848905 0.527372
1652439770.629507 95.679780 25.827603 -5.826949 0.027788 0.025786 0.893855 0.446750
1652439771.463563 95.315022 26.214228 -5.822845 0.030795 0.028239 0.927863 0.370574
1652439772.402563 94.892607 26.553609 -5.797201 0.034047 0.032129 0.940171 0.337472
1652439773.302656 94.475586 26.871269 -5.782117 0.036671 0.035378 0.946537 0.318546
1652439774.406803 94.046411 27.161691 -5.763449 0.037776 0.035252 0.952013 0.301665
1652439775.410460 93.581486 27.453272 -5.760810 0.038557 0.036514 0.953683 0.296088
1652439776.415871 93.146728 27.728928 -5.742275 0.038682 0.035599 0.955153 0.291410
1652439777.470205 92.686668 28.009771 -5.720725 0.039197 0.036178 0.958042 0.281622
1652439778.473575 92.217726 28.286672 -5.704066 0.038969 0.035984 0.957016 0.285143
1652439779.416977 91.782359 28.553318 -5.692253 0.038723 0.036108 0.956090 0.288250
1652439780.415320 91.325620 28.833896 -5.687174 0.038726 0.036336 0.958454 0.280261
1652439781.583575 90.884486 29.081708 -5.685548 0.038279 0.036197 0.960011 0.274962
1652439782.806375 90.436349 29.336835 -5.677192 0.038441 0.035824 0.962631 0.265671
1652439783.974688 89.979203 29.598793 -5.652604 0.038545 0.037016 0.961474 0.269651
1652439785.085417 89.538359 29.857944 -5.626712 0.038445 0.036325 0.959614 0.276302
1652439786.079004 89.080010 30.139406 -5.599174 0.038430 0.036336 0.959566 0.276469
1652439787.139785 88.628843 30.409382 -5.559502 0.038481 0.035669 0.962258 0.267032
1652439788.473311 88.175183 30.664821 -5.491270 0.037819 0.034632 0.963957 0.261070
1652439805.417871 88.033571 30.771891 -5.422518 0.036571 0.035229 0.963788 0.261791
1652439806.914820 87.571154 31.033783 -5.423453 0.036564 0.035447 0.962289 0.267222
1652439807.973664 87.111431 31.302186 -5.413752 0.035570 0.034708 0.958495 0.280744
1652439809.083394 86.661033 31.583323 -5.401587 0.035330 0.034697 0.955010 0.292409
1652439810.076531 86.219023 31.874824 -5.390390 0.034855 0.034523 0.950131 0.307967
1652439811.075250 85.802256 32.171050 -5.377653 0.034387 0.034688 0.947293 0.316622
1652439812.074956 85.379277 32.467849 -5.372872 0.034964 0.035007 0.950531 0.306664
1652439813.079093 84.929231 32.773027 -5.369992 0.034919 0.035091 0.952892 0.299242
1652439814.073654 84.497506 33.049812 -5.358455 0.034981 0.035241 0.953837 0.296191
1652439815.072799 84.062531 33.341507 -5.345535 0.034151 0.034413 0.950207 0.307824
1652439815.968442 83.659882 33.641479 -5.326888 0.032953 0.033815 0.936796 0.346676
1652439816.967691 83.257851 33.972103 -5.299547 0.033027 0.034454 0.937547 0.344569
1652439817.966753 82.862221 34.296328 -5.255262 0.031608 0.033608 0.931035 0.362001
1652439818.899141 82.484498 34.639565 -5.221228 0.030159 0.032287 0.917279 0.395787
1652439819.892561 82.130597 35.011534 -5.190495 0.028413 0.031732 0.894050 0.445938
1652439820.959571 81.805360 35.442767 -5.160924 0.025656 0.029636 0.854258 0.518369
1652439822.222648 81.600235 35.898856 -5.099346 0.021586 0.030835 0.805761 0.591044
1652439823.889131 81.446095 36.366388 -5.032006 0.020081 0.032696 0.767652 0.639717
1652439832.626415 81.244240 37.411475 -5.136862 0.021273 0.036002 0.770258 0.636360
1652439833.959630 81.138272 37.905246 -5.170903 0.020439 0.034258 0.765815 0.641822
1652439835.294296 81.021934 38.428664 -5.194488 0.022624 0.034092 0.780516 0.623795
1652439836.557939 80.909429 38.855932 -5.205953 0.022952 0.033950 0.786634 0.616058
1652439837.891347 80.789328 39.281844 -5.214501 0.023124 0.033953 0.780276 0.624085
1652439839.067867 80.688271 39.670203 -5.226882 0.022474 0.032455 0.773369 0.632726
1652439840.227088 80.590943 40.072564 -5.237754 0.023239 0.032298 0.783506 0.620109
1652439841.391132 80.465950 40.496329 -5.249493 0.025050 0.033422 0.801162 0.596988
1652439842.573821 80.311776 40.913275 -5.254484 0.026953 0.035125 0.831082 0.554385
1652439843.630527 80.140524 41.247189 -5.255436 0.031996 0.038585 0.877988 0.476051
1652439844.791396 79.882751 41.572176 -5.252386 0.035141 0.039626 0.917198 0.394896
1652439845.962655 79.569465 41.844321 -5.241313 0.035620 0.039236 0.939366 0.338796
1652439847.230171 79.229097 42.088263 -5.230365 0.037225 0.039491 0.959846 0.275228
1652439848.408689 78.872558 42.289394 -5.215821 0.038047 0.041228 0.965090 0.255840
1652439849.466121 78.521084 42.488732 -5.199525 0.036448 0.039510 0.958665 0.279412
1652439850.568466 78.174051 42.715012 -5.185020 0.035548 0.040882 0.954469 0.293351
1652439851.799512 77.797006 42.948294 -5.167858 0.036318 0.043431 0.960326 0.273073
1652439853.069011 77.419687 43.167054 -5.153810 0.036177 0.042103 0.964846 0.256886
1652439854.067708 77.064432 43.363066 -5.140590 0.036294 0.042473 0.966508 0.250482
1652439855.231708 76.682789 43.565683 -5.128078 0.036931 0.043417 0.968283 0.243266
1652439856.404661 76.320359 43.753296 -5.113396 0.036881 0.041173 0.968181 0.244070
1652439857.632361 75.931675 43.958326 -5.098930 0.037453 0.042273 0.968340 0.243164
1652439858.733793 75.574296 44.147228 -5.078722 0.037549 0.043552 0.969511 0.238206
1652439859.898892 75.187634 44.337283 -5.061094 0.037043 0.041579 0.971987 0.228341
1652439861.066055 74.792864 44.530828 -5.044835 0.037212 0.042747 0.972764 0.224764
1652439862.133533 74.381869 44.728655 -5.028900 0.036596 0.042288 0.971536 0.230194
1652439863.233225 74.002612 44.917076 -5.014530 0.036285 0.042124 0.967806 0.245482
1652439864.403476 73.610007 45.133033 -4.999690 0.035885 0.042827 0.962477 0.265548
1652439865.473152 73.233046 45.361373 -4.987421 0.035919 0.043032 0.959843 0.274882
1652439866.568385 72.871447 45.586947 -4.976405 0.036087 0.043784 0.958377 0.279811
1652439867.640239 72.510438 45.802297 -4.963147 0.036308 0.043096 0.961201 0.270032
1652439868.803757 72.115165 46.033327 -4.950726 0.036817 0.042119 0.964098 0.259588
1652439869.970612 71.751684 46.232586 -4.934455 0.037269 0.042901 0.964894 0.256419
1652439871.076058 71.396309 46.436872 -4.921204 0.037277 0.043988 0.963507 0.261401
1652439872.139060 71.035403 46.651157 -4.910569 0.036816 0.044098 0.961837 0.267525
1652439873.139008 70.674967 46.863656 -4.896013 0.035742 0.043911 0.958919 0.277972
1652439874.137335 70.311608 47.085128 -4.883496 0.034763 0.043223 0.954145 0.294160
1652439875.140060 69.968315 47.320853 -4.873619 0.033346 0.041488 0.942099 0.331082
1652439876.308850 69.644448 47.582398 -4.863446 0.031717 0.039552 0.925968 0.374182
1652439877.472785 69.356353 47.872757 -4.857225 0.030352 0.039320 0.911544 0.408192
1652439878.578975 69.094444 48.181933 -4.854371 0.028668 0.039624 0.891707 0.449964
1652439879.634603 68.863460 48.510410 -4.852477 0.026036 0.039455 0.864637 0.500168
1652439880.761069 68.654616 48.874435 -4.855270 0.023777 0.037354 0.843120 0.535900
1652439881.802126 68.478541 49.248334 -4.861757 0.022702 0.035558 0.833134 0.551459
1652439882.913362 68.297876 49.623348 -4.868398 0.024414 0.036354 0.847878 0.528380
1652439884.087010 68.099398 49.989433 -4.869774 0.026010 0.037934 0.860671 0.507079
1652439885.302423 67.879149 50.354230 -4.872936 0.027809 0.038918 0.871670 0.487754
1652439886.413642 67.644472 50.705365 -4.875185 0.028790 0.038985 0.877790 0.476588
1652439887.636341 67.424212 51.044057 -4.875007 0.029841 0.039806 0.880104 0.472167
1652439888.912429 67.187809 51.386601 -4.874238 0.030875 0.040489 0.886512 0.459895
1652439890.081459 66.943947 51.715901 -4.872603 0.030607 0.039827 0.891794 0.449645
1652439891.240168 66.685992 52.040966 -4.872383 0.030500 0.039498 0.897830 0.437505
1652439892.579391 66.395662 52.379398 -4.869453 0.030853 0.039344 0.907288 0.417526
1652439893.638629 66.117168 52.681434 -4.864428 0.031809 0.039814 0.916375 0.397064
1652439894.808876 65.827890 52.964732 -4.859268 0.033517 0.040351 0.927451 0.370248
1652439895.802604 65.491726 53.256218 -4.850971 0.034352 0.040514 0.937293 0.344472
1652439896.907798 65.163888 53.498457 -4.840992 0.034604 0.039853 0.944455 0.324374
1652439898.083755 64.825795 53.741218 -4.829159 0.036095 0.041247 0.949961 0.307522
1652439899.305871 64.483156 53.969280 -4.815844 0.036450 0.040398 0.953961 0.294953
1652439900.411428 64.099790 54.204640 -4.803664 0.036623 0.038759 0.957866 0.282221
1652439901.472697 63.742417 54.427693 -4.790294 0.036604 0.038045 0.960169 0.274388
1652439902.471219 63.389551 54.629996 -4.777866 0.036346 0.036569 0.960837 0.272275
1652439903.644309 63.019071 54.845039 -4.765284 0.036117 0.036235 0.960946 0.271965
1652439905.808686 62.673631 55.050864 -4.755921 0.037000 0.036506 0.964361 0.259434
1652439917.807229 62.298927 55.229696 -4.752541 0.039874 0.035015 0.980763 0.187852
1652439918.907430 61.908546 55.378218 -4.732386 0.039927 0.035063 0.980257 0.190452
1652439920.093938 61.498674 55.534945 -4.708801 0.039924 0.034997 0.978951 0.197070
1652439921.143864 61.120526 55.688023 -4.690969 0.040488 0.035216 0.977831 0.202403
1652439922.248101 60.718365 55.844509 -4.668761 0.040192 0.034004 0.978762 0.198126
1652439923.407259 60.312594 55.987372 -4.645554 0.040835 0.034361 0.985758 0.159479
1652439924.475519 59.897445 56.094743 -4.621766 0.041732 0.034506 0.992221 0.112096
1652439925.638083 59.482602 56.165801 -4.593711 0.042736 0.035412 0.995416 0.077890
1652439926.907205 59.074899 56.206309 -4.565296 0.042765 0.034573 0.997342 0.047797
1652439927.968932 58.666740 56.239769 -4.539318 0.042130 0.033508 0.996420 0.065180
1652439928.969651 58.245002 56.291606 -4.513215 0.041670 0.033494 0.995047 0.083802
1652439930.078789 57.803921 56.370099 -4.488707 0.041291 0.033939 0.994273 0.092549
1652439931.065167 57.396854 56.442121 -4.459902 0.040321 0.034861 0.994400 0.091251
1652439932.063865 56.980662 56.509144 -4.435545 0.039452 0.035132 0.993093 0.104766
1652439933.230335 56.586165 56.618994 -4.417507 0.037787 0.034775 0.980345 0.190491
1652439934.468107 56.211926 56.790361 -4.400742 0.035547 0.034372 0.961675 0.269697
1652439935.565536 55.920287 56.984989 -4.387038 0.032772 0.032314 0.932628 0.357891
1652439937.139349 55.755239 57.135194 -4.378239 0.029669 0.030058 0.896760 0.440497
1652439948.802788 55.495843 57.334977 -4.322439 0.020649 0.022405 0.854347 0.518809
1652439950.239580 55.314161 57.718186 -4.320877 0.017219 0.017638 0.818203 0.574400
1652439951.235236 55.134624 58.146755 -4.328407 0.017769 0.017073 0.831233 0.555378
1652439952.233433 54.982023 58.516568 -4.329927 0.017297 0.015924 0.821864 0.569199
1652439953.399626 54.827383 58.886658 -4.334286 0.017935 0.014578 0.829475 0.558065
1652439954.567497 54.644993 59.299967 -4.334361 0.019246 0.015724 0.841949 0.538985
1652439955.636639 54.469210 59.661076 -4.334103 0.020371 0.016032 0.852280 0.522443
1652439956.801114 54.244964 60.070279 -4.335962 0.021039 0.015873 0.857176 0.514348
1652439957.968860 54.034532 60.435073 -4.332982 0.021059 0.015969 0.858798 0.511633
1652439959.137642 53.830534 60.793053 -4.330697 0.021045 0.015035 0.856158 0.516066
1652439960.301494 53.630462 61.160536 -4.330439 0.021438 0.014977 0.860621 0.508574
1652439961.467704 53.401300 61.521302 -4.327084 0.022504 0.015907 0.883463 0.467689
1652439962.563955 53.150328 61.844134 -4.321741 0.024057 0.017568 0.897979 0.439029
1652439963.633713 52.892281 62.151145 -4.315925 0.024111 0.017779 0.909993 0.413539
1652439964.969328 52.605036 62.463795 -4.309257 0.025000 0.018717 0.916883 0.397933
1652439965.968004 52.314967 62.759437 -4.301761 0.025342 0.019107 0.918639 0.393822
1652439966.895848 52.014553 63.055869 -4.298742 0.025425 0.018879 0.918358 0.394482
1652439967.896715 51.703592 63.366996 -4.292562 0.025554 0.018550 0.922176 0.385479
1652439968.968170 51.392665 63.652483 -4.283800 0.025777 0.018823 0.931211 0.363080
1652439969.969374 51.083012 63.908453 -4.281533 0.025896 0.017745 0.941166 0.336485
1652439970.969017 50.738649 64.163175 -4.269383 0.026375 0.018426 0.948587 0.314877
1652439971.902519 50.399922 64.390820 -4.257999 0.026704 0.018713 0.955968 0.291653
1652439973.073582 50.042123 64.604215 -4.246478 0.027519 0.020078 0.962483 0.269194
1652439974.138799 49.685447 64.795384 -4.234272 0.028021 0.020930 0.967114 0.251929
1652439975.245034 49.330761 64.985210 -4.222143 0.027623 0.020501 0.960641 0.275654
1652439976.306275 48.970769 65.213977 -4.212935 0.027644 0.020806 0.956184 0.290716
1652439977.305635 48.594986 65.453086 -4.204791 0.027894 0.021584 0.958331 0.283473
1652439978.476903 48.217610 65.670493 -4.191405 0.028017 0.021738 0.966817 0.252995
1652439979.577572 47.816338 65.852777 -4.177906 0.028378 0.022577 0.977739 0.206667
1652439980.643592 47.429658 65.990862 -4.164774 0.028842 0.022772 0.984374 0.172216
1652439981.746264 47.043088 66.112614 -4.152462 0.029498 0.023716 0.988553 0.146049
1652439982.747030 46.646653 66.211742 -4.136973 0.029396 0.023019 0.991268 0.126468
1652439983.809363 46.224963 66.295998 -4.119176 0.028968 0.022260 0.993223 0.110336
1652439984.929268 45.824647 66.376007 -4.103098 0.028746 0.022209 0.995043 0.092572
1652439986.140854 45.425177 66.438874 -4.086151 0.028842 0.022322 0.995983 0.081775
1652439987.246975 45.010591 66.494247 -4.070275 0.029014 0.021957 0.996460 0.075786
1652439988.413563 44.601448 66.555020 -4.057543 0.029010 0.022381 0.996155 0.079580
1652439989.470957 44.183105 66.612705 -4.039042 0.028623 0.021370 0.996109 0.080569
1652439990.579279 43.773389 66.665711 -4.024673 0.028622 0.021851 0.997268 0.064502
1652439991.578470 43.343395 66.709854 -4.006976 0.028511 0.021573 0.998336 0.045237
1652439992.745744 42.914630 66.738484 -3.985711 0.028066 0.022389 0.999184 0.018503
1652439993.803151 42.502674 66.740478 -3.972428 0.028124 0.022803 0.999312 0.007975
1652439994.752282 42.071045 66.732566 -3.955932 0.027917 0.022526 0.999352 -0.002844
1652439995.805235 41.641377 66.719151 -3.939537 0.027718 0.022750 0.999285 -0.011986
1652439996.811515 41.212192 66.689022 -3.923326 0.027500 0.022261 0.999109 -0.023023
1652439997.809396 40.805596 66.644941 -3.912135 0.027451 0.020765 0.998878 -0.032529
1652439998.809001 40.376727 66.585062 -3.893903 0.026537 0.021500 0.996461 -0.076807
1652439999.915457 39.965531 66.482754 -3.886406 0.026517 0.019185 0.992442 -0.118266
1652440000.977361 39.549201 66.352765 -3.876263 0.025990 0.018467 0.987641 -0.153456
1652440001.976947 39.146492 66.202714 -3.860784 0.025469 0.020781 0.983444 -0.178208
1652440002.972990 38.746806 66.040839 -3.844138 0.025180 0.020658 0.982242 -0.184768
1652440003.976490 38.355217 65.880397 -3.826121 0.024782 0.020382 0.981520 -0.188649
1652440004.974552 37.982478 65.717648 -3.809742 0.024582 0.021046 0.977600 -0.207970
1652440005.973793 37.604882 65.530353 -3.790864 0.024019 0.020672 0.970719 -0.238119
1652440007.139045 37.227902 65.318972 -3.773095 0.024027 0.020854 0.966152 -0.256005
1652440008.305841 36.874735 65.102540 -3.758285 0.024221 0.020953 0.962561 -0.269167
1652440009.304740 36.523190 64.873859 -3.741081 0.024367 0.020921 0.959442 -0.280071
1652440010.247060 36.175651 64.631440 -3.722039 0.023831 0.020956 0.951038 -0.307442
1652440011.086828 35.835941 64.371597 -3.704823 0.023394 0.021195 0.943898 -0.328724
1652440011.970920 35.513993 64.101722 -3.689008 0.023062 0.020889 0.936122 -0.350297
1652440012.970096 35.211745 63.832998 -3.673317 0.023027 0.020802 0.931922 -0.361329
1652440013.974067 34.909678 63.544854 -3.654720 0.022772 0.019905 0.929762 -0.366916
1652440014.927798 34.619037 63.266495 -3.638748 0.022667 0.019842 0.930119 -0.366020
1652440015.908683 34.285262 62.947117 -3.622579 0.022900 0.020228 0.931548 -0.362332
1652440016.969738 33.984583 62.663837 -3.606074 0.022663 0.020857 0.929309 -0.368016
1652440017.971460 33.678714 62.357822 -3.588575 0.022281 0.021191 0.920534 -0.389450
1652440018.911837 33.398519 62.036890 -3.570403 0.021274 0.022652 0.904120 -0.426148
1652440019.803144 33.134516 61.685327 -3.550274 0.020571 0.022924 0.894114 -0.446779
1652440020.743689 32.880981 61.324535 -3.529586 0.020038 0.022607 0.889301 -0.456323
1652440021.744499 32.637468 60.962427 -3.511181 0.020047 0.022482 0.889860 -0.455238
1652440022.742480 32.392318 60.600171 -3.493111 0.020077 0.022455 0.889660 -0.455629
1652440023.637029 32.129297 60.229076 -3.476653 0.019844 0.022598 0.889776 -0.455406
1652440024.637687 31.887913 59.856995 -3.464753 0.020073 0.022739 0.874296 -0.484445
1652440025.636965 31.674033 59.471870 -3.449535 -0.019692 -0.022894 -0.859429 0.510363
1652440026.577452 31.499222 59.100324 -3.432921 -0.018901 -0.022917 -0.837146 0.546173
1652440027.470279 31.337696 58.668660 -3.415592 -0.018038 -0.023158 -0.816059 0.577222
1652440028.404284 31.212907 58.276953 -3.398061 -0.017471 -0.023058 -0.806879 0.590008
1652440029.302669 31.100098 57.875062 -3.382280 -0.017313 -0.023127 -0.799168 0.600413
1652440030.403143 30.999440 57.471290 -3.367377 -0.016764 -0.023891 -0.780502 0.624472
1652440031.471692 30.917421 57.067239 -3.349327 -0.016359 -0.024410 -0.774043 0.632451
1652440032.566659 30.831837 56.643771 -3.330862 -0.016438 -0.024961 -0.779863 0.625236
1652440033.467179 30.735579 56.227923 -3.314299 -0.016449 -0.025007 -0.787412 0.615700
1652440034.394798 30.650232 55.812979 -3.297079 -0.015614 -0.025178 -0.770560 0.636678
1652440035.394729 30.578998 55.396470 -3.279515 -0.014942 -0.025365 -0.757898 0.651709
1652440036.298779 30.515725 54.975870 -3.264148 -0.015393 -0.024940 -0.767377 0.640526
1652440037.230327 30.437548 54.573720 -3.247690 -0.016384 -0.024447 -0.796796 0.603531
1652440038.302363 30.307873 54.181285 -3.235860 -0.018792 -0.023968 -0.835691 0.548354
1652440039.639012 30.119034 53.805165 -3.212494 0.022294 0.021107 0.875082 -0.483001
1652440040.738835 29.907916 53.507789 -3.190280 0.025311 0.018410 0.914468 -0.403446
1652440041.740482 29.683535 53.284136 -3.173431 0.027917 0.015989 0.947173 -0.319106
1652440042.574457 29.418303 53.100279 -3.156441 0.030166 0.014005 0.972554 -0.230289
1652440043.577772 29.123234 52.963046 -3.140353 0.030125 0.014794 0.989127 -0.143182
1652440044.905993 28.727362 52.866594 -3.124358 0.030472 0.015225 0.997099 -0.068065
1652440046.073438 28.311486 52.800036 -3.107163 0.030645 0.015577 0.997002 -0.069325
1652440047.134659 27.897887 52.728076 -3.086940 0.029695 0.016589 0.995016 -0.093737
1652440048.133187 27.509874 52.632245 -3.069373 0.029304 0.016770 0.991470 -0.125884
1652440049.132766 27.119442 52.511937 -3.049231 0.028964 0.018414 0.986330 -0.161171
1652440050.130702 26.727279 52.354315 -3.030902 0.028910 0.017110 0.981439 -0.188809
1652440051.129596 26.317378 52.176939 -3.011161 0.028743 0.016857 0.979349 -0.199414
1652440052.066234 25.919679 51.996634 -2.991921 0.028911 0.015858 0.982510 -0.183265
1652440053.130217 25.519480 51.845739 -2.971292 0.029172 0.014150 0.985893 -0.164204
1652440054.068844 25.120274 51.682726 -2.957642 0.029082 0.012230 0.978516 -0.203743
1652440055.062015 24.744161 51.486967 -2.937854 0.028897 0.017235 0.968916 -0.245092
1652440055.964112 24.398274 51.273874 -2.917845 0.028985 0.020362 0.961681 -0.271874
1652440056.892587 24.017083 51.015508 -2.902926 0.029980 0.019954 0.954702 -0.295376
1652440057.900887 23.684118 50.760772 -2.878846 0.029670 0.018248 0.952503 -0.302530
1652440058.896593 23.345682 50.512137 -2.854973 0.028443 0.020486 0.948952 -0.313466
1652440059.892027 23.006399 50.252341 -2.831702 0.028587 0.020486 0.946354 -0.321212
1652440060.795775 22.674784 49.978685 -2.809092 0.028271 0.019491 0.944965 -0.325365
1652440061.629737 22.353310 49.712574 -2.789054 0.028043 0.019310 0.943354 -0.330036
1652440062.464404 22.040834 49.428117 -2.771353 0.027851 0.019357 0.928791 -0.369049
1652440063.395919 21.757956 49.119725 -2.751158 0.027352 0.019135 0.909811 -0.413677
1652440064.397810 21.488033 48.765158 -2.730064 0.026881 0.018199 0.890664 -0.453502
1652440065.301317 21.250186 48.421041 -2.711422 0.027026 0.018238 0.889072 -0.456605
1652440066.300794 21.001587 48.070978 -2.691906 0.027296 0.018208 0.892842 -0.449173
1652440067.300745 20.756553 47.724591 -2.670392 0.027205 0.018088 0.893796 -0.447282
1652440068.301018 20.491679 47.356302 -2.652831 0.027480 0.017491 0.893500 -0.447879
1652440069.308026 20.233755 46.989181 -2.635283 0.029046 0.015818 0.884945 -0.464520
1652440070.239932 20.005301 46.611007 -2.613134 0.028570 0.015145 0.868681 -0.494315
1652440071.136105 19.780024 46.203517 -2.592392 -0.027078 -0.017182 -0.861272 0.507130
1652440072.140552 19.587787 45.801189 -2.571289 -0.025894 -0.018550 -0.843355 0.536412
1652440073.139304 19.428084 45.409817 -2.551311 -0.025616 -0.017715 -0.827521 0.560571
1652440073.972913 19.291609 45.013566 -2.532930 -0.025127 -0.019025 -0.817742 0.574722
1652440074.918854 19.164103 44.606465 -2.513110 -0.024783 -0.017866 -0.808866 0.587199
1652440075.808700 19.038624 44.191140 -2.494291 -0.024250 -0.018389 -0.805503 0.591809
1652440076.752464 18.921746 43.743056 -2.475923 -0.023732 -0.018589 -0.795745 0.604881
1652440077.644878 18.810777 43.311734 -2.460477 -0.023652 -0.018793 -0.798305 0.601496
1652440078.644972 18.696098 42.885352 -2.443308 -0.024211 -0.019132 -0.807567 0.588968
1652440079.758422 18.553907 42.496605 -2.429140 -0.024908 -0.020451 -0.834778 0.549643
1652440080.921873 18.376200 42.119871 -2.407442 -0.027309 -0.019597 -0.864962 0.500710
1652440081.922855 18.145614 41.777513 -2.388256 0.030172 0.019029 0.905459 -0.422932
1652440083.093737 17.852534 41.449860 -2.364509 0.031209 0.019059 0.931170 -0.362746
1652440084.090143 17.533707 41.165441 -2.340406 0.031783 0.019189 0.946819 -0.319618
1652440084.922754 17.216715 40.909491 -2.316981 0.031340 0.019333 0.944089 -0.327628
1652440085.917146 16.901889 40.636766 -2.293895 0.031345 0.019554 0.935186 -0.352225
1652440086.972930 16.585200 40.352581 -2.275340 0.031941 0.019291 0.933272 -0.357228
1652440088.086617 16.289984 40.064015 -2.251151 0.032329 0.018363 0.935403 -0.351622
1652440089.253172 15.957961 39.751675 -2.226826 0.032426 0.018931 0.940201 -0.338544
1652440090.252284 15.611913 39.452536 -2.202018 0.032817 0.018427 0.944414 -0.326598
1652440091.253437 15.279209 39.162153 -2.178904 0.032891 0.018337 0.940122 -0.338752
1652440092.312570 14.956627 38.872107 -2.155858 0.033039 0.019532 0.942705 -0.331411
1652440093.307238 14.604638 38.580701 -2.132423 0.032960 0.020241 0.948050 -0.315761
1652440094.309074 14.262254 38.304520 -2.107104 0.033057 0.020059 0.949117 -0.312540
1652440095.419629 13.902339 38.029217 -2.082400 0.033069 0.020159 0.952381 -0.302441
1652440096.418264 13.579787 37.783941 -2.058637 0.033342 0.020109 0.952127 -0.303213
1652440097.472714 13.241732 37.522657 -2.035336 0.033639 0.020343 0.950390 -0.308567
1652440098.585488 12.913534 37.263843 -2.011612 0.033874 0.020612 0.947648 -0.316846
1652440099.585136 12.567747 36.982958 -1.985982 0.033602 0.020913 0.944314 -0.326657
1652440100.472919 12.233036 36.705061 -1.959941 0.033511 0.020462 0.942863 -0.330858
1652440101.473239 11.884746 36.398594 -1.930710 0.032732 0.021293 0.941921 -0.333556
1652440102.420024 11.566050 36.123903 -1.906359 0.032908 0.020998 0.944329 -0.326678
1652440103.583881 11.233711 35.856928 -1.881034 0.033420 0.020029 0.950292 -0.308914
1652440104.583548 10.874243 35.591471 -1.856156 0.033612 0.020091 0.953121 -0.300044
1652440105.582185 10.518981 35.324548 -1.831890 0.033655 0.020227 0.951278 -0.305826
1652440106.581334 10.176982 35.044775 -1.805158 0.033652 0.020072 0.947460 -0.317467
1652440107.477808 9.851992 34.778670 -1.781092 0.033833 0.020507 0.937584 -0.345501
1652440108.585440 9.530205 34.480531 -1.760650 0.033890 0.021105 0.930073 -0.365200
1652440109.640162 9.222931 34.161934 -1.735860 0.034118 0.021078 0.925913 -0.375602
1652440110.589468 8.921351 33.852452 -1.714493 0.034626 0.020550 0.924530 -0.378977
1652440111.474293 8.603849 33.520695 -1.686004 0.034186 0.020277 0.919146 -0.391906
1652440112.426213 8.342531 33.200588 -1.660970 0.033327 0.020158 0.898362 -0.437526
1652440113.144722 8.097868 32.818113 -1.635106 -0.031728 -0.019550 -0.863888 0.502303
1652440113.924743 7.912391 32.405887 -1.612395 -0.030610 -0.017679 -0.824981 0.564053
1652440114.638164 7.777484 31.995940 -1.589603 -0.029678 -0.016314 -0.803126 0.594846
1652440115.473581 7.686212 31.585121 -1.571828 -0.029372 -0.014885 -0.786092 0.617232
1652440116.254280 7.609830 31.188131 -1.550445 -0.028431 -0.014391 -0.770612 0.636508
1652440116.970217 7.546862 30.777064 -1.532135 -0.028422 -0.014119 -0.765388 0.642786
1652440117.911540 7.482433 30.342991 -1.510708 -0.028562 -0.014325 -0.767978 0.639678
1652440118.802511 7.410378 29.902128 -1.492852 -0.029681 -0.013900 -0.778517 0.626767
1652440119.804199 7.313624 29.469932 -1.472241 -0.031022 -0.014029 -0.798322 0.601268
1652440120.804601 7.179545 29.053578 -1.455486 -0.033778 -0.015035 -0.837461 0.545245
1652440121.918709 6.999638 28.683467 -1.432204 0.035419 0.015607 0.868584 -0.494029
1652440122.808618 6.781659 28.324365 -1.401812 0.036878 0.015015 0.891672 -0.450927
1652440123.807074 6.531718 28.006972 -1.378993 0.037697 0.016545 0.920602 -0.388327
1652440124.751111 6.236420 27.719558 -1.353000 0.038294 0.017387 0.939807 -0.339107
1652440125.638231 5.922632 27.449188 -1.325550 0.037596 0.017927 0.938768 -0.342024
1652440126.472492 5.616999 27.174571 -1.299305 0.037130 0.017921 0.934759 -0.352883
1652440127.422226 5.316073 26.888053 -1.272936 0.036778 0.017108 0.933974 -0.355032
1652440128.306849 4.982322 26.574424 -1.246128 0.036854 0.016773 0.935814 -0.350160
1652440129.135476 4.651857 26.271920 -1.219750 0.036652 0.016831 0.938884 -0.341862
1652440130.086387 4.324443 25.982828 -1.190984 0.036383 0.016688 0.937900 -0.344589
1652440130.969977 3.995132 25.692989 -1.165463 0.036673 0.016834 0.939283 -0.340763
1652440131.926479 3.697528 25.425350 -1.140899 0.036433 0.017545 0.935275 -0.351604
1652440132.802335 3.359602 25.103036 -1.112949 0.036735 0.017645 0.934618 -0.353310
1652440133.746787 3.020958 24.786090 -1.093573 0.037655 0.017286 0.934649 -0.353149
1652440134.634269 2.712013 24.496099 -1.066692 0.037993 0.016992 0.937754 -0.344797
1652440135.636600 2.365679 24.198721 -1.038219 0.037839 0.018291 0.943916 -0.327499
1652440136.747833 2.020341 23.916169 -1.011412 0.038603 0.017563 0.945318 -0.323380
1652440137.635793 1.670215 23.626528 -0.986221 0.039088 0.016864 0.943453 -0.328762
1652440138.579862 1.321872 23.318010 -0.961238 0.039707 0.015684 0.941910 -0.333140
1652440139.580378 0.964322 23.001558 -0.930504 0.040573 0.014229 0.942792 -0.330596
1652440140.467598 0.619028 22.714985 -0.902844 0.040478 0.014915 0.945730 -0.322077
1652440141.424060 0.287453 22.439847 -0.872308 0.040904 0.013971 0.945058 -0.324031
1652440142.302958 -0.078918 22.132878 -0.842799 0.041127 0.013512 0.943988 -0.327128
1652440143.244904 -0.430660 21.845895 -0.814473 0.041027 0.013958 0.947545 -0.316671
1652440144.300852 -0.768469 21.562201 -0.783049 0.041220 0.012720 0.942893 -0.330290
1652440145.303487 -1.113712 21.273039 -0.753045 0.041193 0.012967 0.943187 -0.329443
1652440146.300435 -1.470299 20.979756 -0.730459 0.043578 0.012228 0.948072 -0.314820
1652440147.244946 -1.815472 20.695731 -0.697968 0.043177 0.011736 0.945056 -0.323832
1652440148.132018 -2.131735 20.430847 -0.669734 0.043791 0.011483 0.944436 -0.325563
1652440149.302082 -2.461468 20.153303 -0.640360 0.044984 0.010552 0.938077 -0.343333
1652440150.301255 -2.779516 19.847287 -0.606207 0.044823 0.011241 0.929953 -0.364762
1652440151.301277 -3.095060 19.526099 -0.579153 0.045581 0.009920 0.922250 -0.383769
1652440152.253075 -3.392661 19.192734 -0.553178 0.045279 0.010380 0.913490 -0.404200
1652440153.303410 -3.672639 18.839060 -0.521975 0.045442 0.009416 0.899931 -0.433556
1652440154.425835 -3.915704 18.480564 -0.494629 0.044709 0.009119 0.881337 -0.470280
1652440155.471983 -4.118259 18.116154 -0.469667 -0.043233 -0.008559 -0.852751 0.520455
1652440156.473770 -4.290953 17.708864 -0.436600 -0.041296 -0.007727 -0.828667 0.558164
1652440157.471744 -4.410297 17.326420 -0.412094 -0.038753 -0.005628 -0.791062 0.610481
1652440158.469789 -4.476579 16.924727 -0.392738 -0.037192 -0.002131 -0.755082 0.654571
1652440159.583393 -4.528833 16.485771 -0.357949 -0.035231 -0.001916 -0.747483 0.663343
1652440160.636445 -4.561231 16.064986 -0.341502 -0.034796 -0.001442 -0.743602 0.667715
1652440161.635702 -4.603305 15.642646 -0.325131 -0.034891 -0.002007 -0.750681 0.659739
1652440162.580388 -4.648320 15.171791 -0.312373 -0.034257 -0.002115 -0.744642 0.666581
1652440163.469806 -4.678818 14.719319 -0.296374 -0.033590 -0.001307 -0.732053 0.680418
1652440164.409290 -4.700722 14.289230 -0.282661 -0.034005 -0.001311 -0.735707 0.676445
1652440165.243566 -4.729491 13.889347 -0.267166 -0.034445 -0.001606 -0.743012 0.668389
1652440166.071856 -4.772646 13.450130 -0.254089 -0.034992 -0.001769 -0.753007 0.657079
1652440166.969564 -4.814310 13.034801 -0.238548 -0.035016 -0.001639 -0.750681 0.659734
1652440167.905497 -4.844854 12.619960 -0.224958 -0.034433 -0.001580 -0.736984 0.675030
1652440168.916600 -4.871501 12.133157 -0.209684 -0.034282 -0.001695 -0.732933 0.679434
1652440169.905972 -4.902181 11.676725 -0.194433 -0.034690 -0.001551 -0.739796 0.671934
1652440170.799719 -4.938142 11.251083 -0.185071 -0.035110 -0.003008 -0.747083 0.663796
1652440171.799689 -4.976500 10.849004 -0.173247 -0.033891 -0.004070 -0.741781 0.669773
1652440172.798287 -5.014635 10.449928 -0.162747 -0.033473 -0.006136 -0.739076 0.672762
1652440173.903244 -5.038035 10.019779 -0.146018 -0.034137 -0.005459 -0.732266 0.680141
1652440174.907440 -5.056797 9.560416 -0.124594 -0.033843 -0.005137 -0.733637 0.678679
1652440175.905899 -5.087397 9.124887 -0.109018 -0.033924 -0.005552 -0.737420 0.674559
1652440176.896486 -5.120334 8.663449 -0.089978 -0.033079 -0.006323 -0.736687 0.675395
1652440177.797628 -5.151508 8.205533 -0.077708 -0.034550 -0.005950 -0.742678 0.668730
1652440178.799031 -5.189935 7.749122 -0.056926 -0.034540 -0.005762 -0.743741 0.667551
1652440179.797194 -5.221708 7.312422 -0.020299 -0.026242 -0.007422 -0.739945 0.672115
1652440180.795267 -5.250677 6.868317 -0.002562 -0.026703 -0.005910 -0.730580 0.682279
1652440181.731800 -5.255509 6.457511 0.013069 -0.025172 -0.005153 -0.713435 0.700250
1652440182.725399 -5.237092 6.056893 0.025826 -0.024350 -0.005051 -0.690503 0.722902
1652440183.963132 -5.209544 5.633628 0.037398 -0.020675 -0.007208 -0.656165 0.754300
1652440185.128865 -5.143908 5.229957 0.051632 -0.018873 -0.005228 -0.615657 0.787771
1652440186.128279 -4.994646 4.863959 0.058961 -0.014386 -0.003171 -0.536338 0.843874
1652440187.231013 -4.793925 4.571597 0.058632 -0.009326 -0.005034 -0.460068 0.887821
1652440188.402014 -4.513724 4.257392 0.059653 -0.006667 -0.003778 -0.400538 0.916248
1652440189.472265 -4.213160 3.974940 0.056038 -0.005958 -0.004917 -0.388301 0.921500
1652440190.575011 -3.909407 3.666713 0.053811 -0.008980 -0.004903 -0.401775 0.915681
1652440191.638083 -3.591649 3.325943 0.053140 -0.008206 -0.005163 -0.416983 0.908862
1652440192.633326 -3.281823 2.984269 0.052626 -0.008687 -0.004604 -0.413656 0.910380
1652440193.636251 -2.971499 2.640500 0.048984 -0.008129 -0.004794 -0.405177 0.914190
1652440194.633413 -2.669352 2.335001 0.046990 -0.008608 -0.003965 -0.386817 0.922108
1652440195.738470 -2.363159 2.041148 0.045300 -0.008132 -0.003802 -0.374547 0.927165
1652440196.634992 -2.052856 1.741447 0.046488 -0.007756 -0.003835 -0.382418 0.923949
1652440197.637581 -1.741885 1.435853 0.046600 -0.007472 -0.004173 -0.397350 0.917627
1652440198.630992 -1.453645 1.117599 0.045293 -0.009302 -0.004526 -0.435377 0.900189
1652440199.563806 -1.166155 0.778990 0.042415 -0.007712 -0.004622 -0.411697 0.911276
1652440200.631545 -0.879983 0.489049 0.040654 -0.006608 -0.004398 -0.379743 0.925058
1652440201.797328 -0.559685 0.228714 0.039691 -0.004236 -0.003426 -0.324228 0.945963
1652440203.068308 -0.238235 0.038235 0.036768 -0.004266 0.000669 -0.237857 0.971291
1652440203.906198 0.019701 -0.067140 0.032275 0.000463 0.002042 -0.150346 0.988631
1652440204.578933 0.237605 -0.108457 0.026475 0.004252 0.003486 -0.053600 0.998547
1652440210.479558 0.603413 -0.295315 0.025057 0.014804 0.002124 -0.014693 0.999780
1652440211.938500 1.047622 -0.302707 0.018230 0.017270 0.001984 -0.009140 0.999807
1652440213.088658 1.465957 -0.306569 0.010651 0.019311 0.001781 -0.024900 0.999502
1652440214.263155 1.906001 -0.316733 0.001021 0.018772 0.001580 -0.022157 0.999577
1652440215.256933 2.313902 -0.324654 -0.007373 0.014179 0.001129 -0.026292 0.999553
1652440216.311412 2.743974 -0.336730 -0.015489 0.014329 0.001169 -0.027992 0.999505
1652440217.316614 3.157402 -0.349179 -0.023685 0.013384 0.000854 -0.030457 0.999446
1652440218.480367 3.587562 -0.360627 -0.033553 0.013632 0.000761 -0.019529 0.999716
1652440219.480407 3.990327 -0.370436 -0.040510 0.013578 0.000669 -0.026042 0.999568
1652440220.478142 4.454583 -0.387154 -0.054461 0.013889 0.000572 -0.030840 0.999428
1652440221.479476 4.898104 -0.400010 -0.063666 0.013278 0.000427 -0.024508 0.999611
1652440222.602745 5.323321 -0.415626 -0.069349 0.012152 0.000266 -0.034375 0.999335
1652440223.584296 5.774532 -0.423225 -0.078030 0.014034 0.000684 -0.001310 0.999900
1652440224.649256 6.239323 -0.403214 -0.090563 0.014741 0.000607 0.007893 0.999860
1652440225.582658 6.645899 -0.387901 -0.098232 0.014276 0.000474 0.005615 0.999882
1652440226.586637 7.121384 -0.384224 -0.107928 0.014135 0.000338 -0.009405 0.999856
1652440227.643279 7.544552 -0.395465 -0.118357 0.013405 -0.000055 -0.037282 0.999215
1652440228.643513 7.971314 -0.420013 -0.128474 0.011329 -0.000362 -0.046961 0.998832
